"UniqueID","Other","DryAqua","Aqua","DryAqua_area_m2","Aqua_area_m2"
"OD_1_01159200",1214,1,0,900,0
"OD_1_01159400",1107,6,0,5400,0
"OD_1_01159100",1047,1,0,900,0
"OD_1_01161700",1866,10,0,9000,0
"OD_1_01161600",1140,1,0,900,0
"OD_1_01160800",801,3,0,2700,0
"OD_1_01161800",1268,17,0,15300,0
"OD_1_01159500",919,104,0,93600,0
"OD_1_01159300",486,9,0,8100,0
"OD_1_01159600",78,2,0,1800,0
"OD_1_01160600",79,7,0,6300,0
"OD_1_01160900",1954,14,0,12600,0
"OD_1_01161500",681,0,0,0,0
"OD_1_01160400",139,0,0,0,0
"OD_1_01160500",207,1,0,900,0
"OD_1_01161400",147,0,0,0,0
"OD_1_01159700",816,37,0,33300,0
"OD_1_01161300",2494,0,0,0,0
"OD_1_01160300",589,0,0,0,0
"OD_1_01162000",2088,98,0,88200,0
"OD_1_01161000",1042,12,0,10800,0
"OD_1_01159800",1118,29,0,26100,0
"OD_1_01160200",574,4,0,3600,0
"OD_1_01162400",4196,60,0,54000,0
"OD_1_01162100",1942,63,0,56700,0
"OD_1_01159900",512,21,0,18900,0
"OD_1_01160100",653,18,0,16200,0
"OD_1_01161100",774,41,0,36900,0
"OD_1_01160000",534,35,0,31500,0
"OD_1_01161200",1957,11,0,9900,0
"OD_1_01162800",15191,598,0,538200,0
"OD_1_01162200",799,0,0,0,0
"OD_1_01162900",12812,170,0,153000,0
"OD_1_01163300",10527,297,0,267300,0
"OD_1_01162500",3396,93,0,83700,0
"OD_1_01162700",2319,7,0,6300,0
"OD_1_01163000",1573,16,0,14400,0
"OD_1_01162300",669,8,0,7200,0
"OD_1_01162600",2159,89,0,80100,0
"OD_1_01164100",4040,50,0,45000,0
"OD_1_01163200",5669,117,0,105300,0
"OD_1_01163700",6371,264,0,237600,0
"OD_1_01163100",424,1,0,900,0
"OD_1_01164200",2572,22,0,19800,0
"OD_1_01163600",8833,133,0,119700,0
"OD_1_01163500",12731,251,0,225900,0
"OD_1_01163900",1661,28,0,25200,0
"OD_1_01163800",1160,19,0,17100,0
"OD_1_01164000",776,0,0,0,0
"OD_1_01164400",2968,2,0,1800,0
"OD_1_01164700",3948,47,0,42300,0
"OD_1_01165600",15296,349,0,314100,0
"OD_1_01164500",5943,42,0,37800,0
"OD_1_01163400",2393,33,0,29700,0
"OD_1_01164600",1821,172,3,154800,2700
"OD_1_00976800",2622,3,0,2700,0
"OD_1_01165500",4340,190,1,171000,900
"OD_1_01164900",454,54,0,48600,0
"OD_1_00977100",1972,177,0,159300,0
"OD_1_01165300",1606,6,0,5400,0
"OD_1_01166800",6953,411,25,369900,22500
"OD_1_01166900",113,40,7,36000,6300
"OD_1_01165700",14795,350,0,315000,0
"OD_1_01165000",551,106,0,95400,0
"OD_1_01164800",495,9,1,8100,900
"OD_1_01165200",532,60,26,54000,23400
"OD_1_01165100",139,21,14,18900,12600
"OD_1_01166100",1368,69,0,62100,0
"OD_1_01166200",1815,46,0,41400,0
"OD_1_01165400",375,3,0,2700,0
"OD_1_00977300",2426,10,0,9000,0
"OD_1_01166700",817,114,0,102600,0
"OD_1_00977400",2970,18,0,16200,0
"OD_1_01166400",337,12,31,10800,27900
"OD_1_01167400",374,49,0,44100,0
"OD_1_01166000",760,9,0,8100,0
"OD_1_01166500",282,2,0,1800,0
"OD_1_01167700",1802,91,2,81900,1800
"OD_1_01166300",704,22,0,19800,0
"OD_1_01166600",333,34,20,30600,18000
"OD_1_01167600",571,0,0,0,0
"OD_1_01167500",424,17,0,15300,0
"OD_1_00977500",2150,23,0,20700,0
"OD_1_01168800",183,6,0,5400,0
"OD_1_01167800",1091,70,31,63000,27900
"OD_1_40801000",14422,2155,18,1939500,16200
"OD_1_01168000",1511,108,5,97200,4500
"OD_1_01168200",121,0,0,0,0
"OD_1_01168600",823,44,0,39600,0
"OD_1_01165900",1354,64,0,57600,0
"OD_1_01168300",199,6,0,5400,0
"OD_1_01168700",185,4,0,3600,0
"OD_1_01168900",137,0,0,0,0
"OD_1_01169000",119,12,0,10800,0
"OD_1_01168400",723,12,0,10800,0
"OD_1_01168100",636,0,0,0,0
"OD_1_01169500",233,2,0,1800,0
"OD_1_01165800",469,39,0,35100,0
"OD_1_01169400",188,0,0,0,0
"OD_1_01169300",450,0,0,0,0
"OD_1_01167900",236,82,5,73800,4500
"OD_1_01168500",630,26,0,23400,0
"OD_1_01170600",485,14,0,12600,0
"OD_1_01169600",816,54,0,48600,0
"OD_1_01170800",1194,44,0,39600,0
"OD_1_01170700",942,30,0,27000,0
"OD_1_01170900",2069,145,0,130500,0
"OD_1_01170200",611,314,0,282600,0
"OD_1_01170100",84,24,0,21600,0
"OD_1_01170000",478,8,0,7200,0
"OD_1_01171000",589,150,0,135000,0
"OD_1_01170300",319,179,0,161100,0
"OD_1_01175100",148,32,0,28800,0
"OD_1_01171600",2321,117,0,105300,0
"OD_1_01171100",2299,212,0,190800,0
"OD_1_01170400",476,28,0,25200,0
"OD_1_01171300",1009,82,0,73800,0
"OD_1_01171900",134,43,0,38700,0
"OD_1_01175000",4538,518,10,466200,9000
"OD_1_01171400",730,5,0,4500,0
"OD_1_01171500",384,47,0,42300,0
"OD_1_01172100",1391,65,0,58500,0
"OD_1_01170500",212,3,0,2700,0
"OD_1_01171800",394,12,0,10800,0
"OD_1_01175200",353,111,55,99900,49500
"OD_1_01185400",3499,7,0,6300,0
"OD_1_01172500",276,3,0,2700,0
"OD_1_01184600",931,24,0,21600,0
"OD_1_01171700",620,15,0,13500,0
"OD_1_01174500",161,30,0,27000,0
"OD_1_01173200",3020,137,0,123300,0
"OD_1_01173100",262,1,0,900,0
"OD_1_01174400",857,87,0,78300,0
"OD_1_01172600",1546,35,0,31500,0
"OD_1_01174600",166,0,0,0,0
"OD_1_01173000",417,6,0,5400,0
"OD_1_01172900",364,84,0,75600,0
"OD_1_01175900",363,47,0,42300,0
"OD_1_01176000",2817,133,2,119700,1800
"OD_1_01174700",130,0,0,0,0
"OD_1_01184800",670,18,0,16200,0
"OD_1_01174200",3699,181,0,162900,0
"OD_1_01174800",393,1,0,900,0
"OD_1_01172800",821,80,0,72000,0
"OD_1_01174300",245,41,0,36900,0
"OD_1_01185200",197,9,0,8100,0
"OD_1_01257000",1836,70,0,63000,0
"OD_1_01174900",2023,193,0,173700,0
"OD_1_01185300",2300,29,0,26100,0
"OD_1_01173900",912,6,0,5400,0
"OD_1_01256900",461,14,0,12600,0
"OD_1_01175800",417,56,0,50400,0
"OD_1_01185100",220,3,0,2700,0
"OD_1_01176300",4245,123,0,110700,0
"OD_1_01173300",326,7,0,6300,0
"OD_1_01172700",471,3,0,2700,0
"OD_1_01173400",565,31,0,27900,0
"OD_1_01175500",3503,323,5,290700,4500
"OD_1_01184900",346,4,0,3600,0
"OD_1_01185600",386,0,0,0,0
"OD_1_01173500",124,77,1,69300,900
"OD_1_01188400",2927,95,0,85500,0
"OD_1_01185700",351,0,0,0,0
"OD_1_01185000",221,9,0,8100,0
"OD_1_01175700",1284,47,0,42300,0
"OD_1_01179300",4379,834,2,750600,1800
"OD_1_01186100",608,95,0,85500,0
"OD_1_01173800",941,9,0,8100,0
"OD_1_01185800",354,0,0,0,0
"OD_1_01179700",220,6,0,5400,0
"OD_1_01175600",488,2,0,1800,0
"OD_1_01187800",5048,325,0,292500,0
"OD_1_01186700",2741,83,0,74700,0
"OD_1_01179800",1061,107,0,96300,0
"OD_1_01188200",1486,40,0,36000,0
"OD_1_01174000",151,0,0,0,0
"OD_1_01173600",43,94,0,84600,0
"OD_1_01186600",1234,70,0,63000,0
"OD_1_01179600",191,55,0,49500,0
"OD_1_01174100",1920,38,0,34200,0
"OD_1_01176200",1015,66,0,59400,0
"OD_1_01173700",700,98,0,88200,0
"OD_1_01186000",681,62,0,55800,0
"OD_1_01257700",1585,23,0,20700,0
"OD_1_01186300",231,13,0,11700,0
"OD_1_01187600",1159,295,0,265500,0
"OD_1_01176100",2957,53,0,47700,0
"OD_1_01176400",747,34,1,30600,900
"OD_1_01179500",191,35,0,31500,0
"OD_1_01178900",2329,140,1,126000,900
"OD_1_01176500",350,65,1,58500,900
"OD_1_01187500",134,21,0,18900,0
"OD_1_01187200",1199,111,0,99900,0
"OD_1_01259200",1329,101,0,90900,0
"OD_1_01176700",1729,193,0,173700,0
"OD_1_01179400",445,47,0,42300,0
"OD_1_01179200",758,11,0,9900,0
"OD_1_01187400",579,238,0,214200,0
"OD_1_01259900",824,126,0,113400,0
"OD_1_01186800",2392,75,0,67500,0
"OD_1_01176600",117,0,0,0,0
"OD_1_01257600",629,0,0,0,0
"OD_1_01187000",944,176,0,158400,0
"OD_1_01259800",829,186,0,167400,0
"OD_1_01179900",217,104,0,93600,0
"OD_1_01188300",263,15,0,13500,0
"OD_1_01177200",249,0,0,0,0
"OD_1_01187700",1581,377,0,339300,0
"OD_1_01179100",315,26,0,23400,0
"OD_1_01260000",1370,29,0,26100,0
"OD_1_01259400",588,55,0,49500,0
"OD_1_01258300",1380,86,0,77400,0
"OD_1_01258400",415,69,0,62100,0
"OD_1_01188700",1371,45,0,40500,0
"OD_1_01186900",836,144,0,129600,0
"OD_1_01258500",433,168,0,151200,0
"OD_1_01259100",1880,154,0,138600,0
"OD_1_01188100",444,12,0,10800,0
"OD_1_01188000",104,4,0,3600,0
"OD_1_01258200",291,0,0,0,0
"OD_1_01180000",477,142,0,127800,0
"OD_1_01258600",543,72,0,64800,0
"OD_1_01259300",161,37,0,33300,0
"OD_1_01259600",231,24,0,21600,0
"OD_1_01178800",59,24,0,21600,0
"OD_1_01177100",343,0,0,0,0
"OD_1_01188600",221,15,0,13500,0
"OD_1_01189700",2254,40,0,36000,0
"OD_1_01258700",79,62,0,55800,0
"OD_1_01188500",201,5,0,4500,0
"OD_1_01178700",1154,242,0,217800,0
"OD_1_01179000",1253,153,0,137700,0
"OD_1_01176800",945,14,0,12600,0
"OD_1_01242700",889,148,0,133200,0
"OD_1_01180200",1238,65,0,58500,0
"OD_1_01189100",2304,84,0,75600,0
"OD_1_01187900",81,7,0,6300,0
"OD_1_01187300",158,108,0,97200,0
"OD_1_01260200",504,361,0,324900,0
"OD_1_01180100",658,419,0,377100,0
"OD_1_01259000",696,16,0,14400,0
"OD_1_01181200",2857,145,1,130500,900
"OD_1_01258800",248,28,0,25200,0
"OD_1_01190200",602,205,0,184500,0
"OD_1_01187100",142,4,0,3600,0
"OD_1_01178600",698,1,0,900,0
"OD_1_01177400",9,44,0,39600,0
"OD_1_01177300",62,12,0,10800,0
"OD_1_01188800",197,0,0,0,0
"OD_1_01177500",14,20,0,18000,0
"OD_1_01177000",185,0,0,0,0
"OD_1_01242800",473,88,0,79200,0
"OD_1_01178200",924,3,0,2700,0
"OD_1_01258900",389,2,0,1800,0
"OD_1_01262700",932,349,0,314100,0
"OD_1_01260400",160,291,0,261900,0
"OD_1_01259500",40,141,0,126900,0
"OD_1_01177700",313,24,0,21600,0
"OD_1_01261800",847,6,0,5400,0
"OD_1_01177600",490,139,0,125100,0
"OD_1_01190800",2262,421,0,378900,0
"OD_1_01262000",280,212,0,190800,0
"OD_1_01190300",55,13,0,11700,0
"OD_1_01242600",1152,25,0,22500,0
"OD_1_01189800",178,11,0,9900,0
"OD_1_01262900",962,56,1,50400,900
"OD_1_01181100",695,5,0,4500,0
"OD_1_01260100",35,68,0,61200,0
"OD_1_01261900",141,67,0,60300,0
"OD_1_01180300",3034,813,0,731700,0
"OD_1_01260500",1530,232,0,208800,0
"OD_1_01190100",956,41,0,36900,0
"OD_1_01188900",111,7,0,6300,0
"OD_1_01242000",704,3,0,2700,0
"OD_1_01176900",269,1,0,900,0
"OD_1_01242500",1589,15,0,13500,0
"OD_1_01242100",2161,40,0,36000,0
"OD_1_01263200",785,16,0,14400,0
"OD_1_01191100",902,61,0,54900,0
"OD_1_01263000",221,14,0,12600,0
"OD_1_01181000",1337,42,0,37800,0
"OD_1_01263100",195,0,0,0,0
"OD_1_01180400",693,17,0,15300,0
"OD_1_01261700",557,184,0,165600,0
"OD_1_01189900",840,4,0,3600,0
"OD_1_01189000",302,4,0,3600,0
"OD_1_01178300",234,0,0,0,0
"OD_1_01262100",107,91,0,81900,0
"OD_1_01190900",785,36,0,32400,0
"OD_1_01190400",710,276,0,248400,0
"OD_1_01180900",968,159,0,143100,0
"OD_1_01191000",192,12,0,10800,0
"OD_1_01189600",1974,90,0,81000,0
"OD_1_01262800",342,0,0,0,0
"OD_1_01178400",341,11,0,9900,0
"OD_1_01241900",383,42,0,37800,0
"OD_1_01261600",9,25,0,22500,0
"OD_1_01262200",673,85,0,76500,0
"OD_1_01263400",449,9,0,8100,0
"OD_1_01178500",447,0,0,0,0
"OD_1_01177800",2167,148,0,133200,0
"OD_1_01178100",943,54,4,48600,3600
"OD_1_01261000",138,208,0,187200,0
"OD_1_01261200",755,83,0,74700,0
"OD_1_01180800",315,19,0,17100,0
"OD_1_01263500",988,16,0,14400,0
"OD_1_01190000",737,2,0,1800,0
"OD_1_01261100",91,67,0,60300,0
"OD_1_01263300",127,6,0,5400,0
"OD_1_01189400",1340,192,0,172800,0
"OD_1_01189200",216,27,0,24300,0
"OD_1_01193800",6259,263,0,236700,0
"OD_1_01260900",1033,23,0,20700,0
"OD_1_01191300",1141,33,0,29700,0
"OD_1_01261500",136,59,0,53100,0
"OD_1_01181300",138,15,0,13500,0
"OD_1_01192300",2188,278,0,250200,0
"OD_1_01190500",59,64,0,57600,0
"OD_1_01241800",215,3,0,2700,0
"OD_1_01241600",711,103,0,92700,0
"OD_1_01262600",816,74,0,66600,0
"OD_1_01262500",162,154,0,138600,0
"OD_1_01189300",272,53,0,47700,0
"OD_1_01263600",698,42,0,37800,0
"OD_1_01178000",83,0,0,0,0
"OD_1_01263800",2555,63,0,56700,0
"OD_1_01180700",771,108,0,97200,0
"OD_1_01261300",471,47,0,42300,0
"OD_1_01262300",154,19,0,17100,0
"OD_1_01190700",765,228,0,205200,0
"OD_1_01242900",2081,75,22,67500,19800
"OD_1_01181900",415,14,0,12600,0
"OD_1_01265200",331,110,0,99000,0
"OD_1_01265100",1008,325,0,292500,0
"OD_1_01190600",549,23,0,20700,0
"OD_1_01180500",2402,94,0,84600,0
"OD_1_01262400",438,79,0,71100,0
"OD_1_01177900",1914,138,4,124200,3600
"OD_1_01241700",1095,18,0,16200,0
"OD_1_01243000",1091,54,7,48600,6300
"OD_1_01261400",227,0,0,0,0
"OD_1_01192400",902,57,0,51300,0
"OD_1_01242400",274,28,0,25200,0
"OD_1_01189500",302,10,0,9000,0
"OD_1_00990300",1360,3,0,2700,0
"OD_1_01263900",2812,179,1,161100,900
"OD_1_01181400",384,5,0,4500,0
"OD_1_01193600",1325,48,0,43200,0
"OD_1_01182000",1514,68,0,61200,0
"OD_1_01244700",1650,234,0,210600,0
"OD_1_01263700",1170,121,0,108900,0
"OD_1_01181600",488,21,0,18900,0
"OD_1_01194300",1945,197,0,177300,0
"OD_1_01193700",341,53,0,47700,0
"OD_1_01194000",1179,0,0,0,0
"OD_1_01183000",354,14,0,12600,0
"OD_1_01264000",573,192,0,172800,0
"OD_1_01194100",2784,19,0,17100,0
"OD_1_01264500",846,107,0,96300,0
"OD_1_01264600",469,28,0,25200,0
"OD_1_01265000",1680,71,0,63900,0
"OD_1_01242300",639,68,0,61200,0
"OD_1_01242200",373,23,0,20700,0
"OD_1_01192100",1784,352,0,316800,0
"OD_1_01180600",405,21,0,18900,0
"OD_1_01181700",259,15,0,13500,0
"OD_1_01192000",461,49,0,44100,0
"OD_1_01181500",419,0,0,0,0
"OD_1_01193000",1681,101,0,90900,0
"OD_1_01193100",1524,133,2,119700,1800
"OD_1_01193500",497,4,0,3600,0
"OD_1_01192200",2072,135,0,121500,0
"OD_1_01181800",262,0,0,0,0
"OD_1_01182900",279,40,0,36000,0
"OD_1_01183100",831,36,0,32400,0
"OD_1_01244500",649,20,0,18000,0
"OD_1_01194200",402,0,0,0,0
"OD_1_01243500",288,150,0,135000,0
"OD_1_01244900",1234,38,0,34200,0
"OD_1_01244400",369,66,0,59400,0
"OD_1_01244300",736,70,0,63000,0
"OD_1_01193900",331,4,0,3600,0
"OD_1_01183200",1075,66,0,59400,0
"OD_1_01182700",542,22,0,19800,0
"OD_1_01194400",1175,132,0,118800,0
"OD_1_01192600",199,5,0,4500,0
"OD_1_01192700",210,7,0,6300,0
"OD_1_01192500",677,16,0,14400,0
"OD_1_01195000",1187,352,0,316800,0
"OD_1_01182800",1195,94,0,84600,0
"OD_1_01182100",1288,33,3,29700,2700
"OD_1_01182600",480,4,0,3600,0
"OD_1_01264700",370,0,0,0,0
"OD_1_01264100",490,126,0,113400,0
"OD_1_01243100",321,57,9,51300,8100
"OD_1_01195100",707,30,0,27000,0
"OD_1_01183300",1549,371,0,333900,0
"OD_1_01191800",442,97,0,87300,0
"OD_1_01264400",572,30,0,27000,0
"OD_1_01193200",56,2,0,1800,0
"OD_1_01264900",375,4,0,3600,0
"OD_1_01243200",314,23,28,20700,25200
"OD_1_01264800",595,0,0,0,0
"OD_1_01244600",1670,94,0,84600,0
"OD_1_01191900",487,56,0,50400,0
"OD_1_01265400",1398,62,0,55800,0
"OD_1_01184400",1580,78,0,70200,0
"OD_1_01243400",174,15,0,13500,0
"OD_1_01264200",1064,114,0,102600,0
"OD_1_01244200",456,25,0,22500,0
"OD_1_01244800",483,14,0,12600,0
"OD_1_01243300",596,58,0,52200,0
"OD_1_01182400",1395,32,0,28800,0
"OD_1_01243600",1463,98,0,88200,0
"OD_1_01182200",3191,127,41,114300,36900
"OD_1_01243700",441,3,0,2700,0
"OD_1_01194500",1083,73,0,65700,0
"OD_1_01192800",789,150,0,135000,0
"OD_1_01182300",232,0,0,0,0
"OD_1_01195600",127,0,0,0,0
"OD_1_01195700",338,0,0,0,0
"OD_1_01182500",811,61,0,54900,0
"OD_1_01193300",933,39,0,35100,0
"OD_1_01268900",133,69,0,62100,0
"OD_1_01196700",683,105,0,94500,0
"OD_1_01193400",554,8,0,7200,0
"OD_1_01270200",1491,118,0,106200,0
"OD_1_01195800",668,77,0,69300,0
"OD_1_01183600",897,131,0,117900,0
"OD_1_01268800",739,1,0,900,0
"OD_1_01244100",2371,112,0,100800,0
"OD_1_01269000",177,111,0,99900,0
"OD_1_01192900",75,53,0,47700,0
"OD_1_01201200",1741,29,1,26100,900
"OD_1_01268200",609,58,0,52200,0
"OD_1_01184500",123,5,0,4500,0
"OD_1_01243800",300,2,0,1800,0
"OD_1_01196600",1768,669,4,602100,3600
"OD_1_01271000",373,66,0,59400,0
"OD_1_01264300",382,61,0,54900,0
"OD_1_01196000",3316,179,0,161100,0
"OD_1_01183400",461,166,0,149400,0
"OD_1_01195500",347,40,0,36000,0
"OD_1_01183500",1331,218,8,196200,7200
"OD_1_01195200",405,96,0,86400,0
"OD_1_01196400",758,120,0,108000,0
"OD_1_01194700",801,61,0,54900,0
"OD_1_01269100",362,14,0,12600,0
"OD_1_01196500",872,239,0,215100,0
"OD_1_01196200",832,8,0,7200,0
"OD_1_01184300",792,1,0,900,0
"OD_1_01184100",331,32,0,28800,0
"OD_1_01271100",485,250,1,225000,900
"OD_1_01195900",186,33,0,29700,0
"OD_1_01194600",184,3,0,2700,0
"OD_1_01196800",357,0,0,0,0
"OD_1_01268600",210,68,0,61200,0
"OD_1_01270800",256,57,0,51300,0
"OD_1_01243900",96,20,0,18000,0
"OD_1_01268700",294,104,0,93600,0
"OD_1_01196300",3871,205,0,184500,0
"OD_1_01221100",521,52,0,46800,0
"OD_1_01221200",533,36,0,32400,0
"OD_1_01221000",744,47,0,42300,0
"OD_1_01221300",1767,43,6,38700,5400
"OD_1_01269200",532,10,0,9000,0
"OD_1_01220300",694,9,0,8100,0
"OD_1_01271400",516,79,0,71100,0
"OD_1_01268400",117,1,0,900,0
"OD_1_01245100",1412,80,0,72000,0
"OD_1_01197000",289,81,0,72900,0
"OD_1_01183700",278,18,0,16200,0
"OD_1_01244000",237,28,0,25200,0
"OD_1_01245000",276,42,0,37800,0
"OD_1_01268300",1553,217,0,195300,0
"OD_1_01220200",159,8,0,7200,0
"OD_1_01221600",1705,93,58,83700,52200
"OD_1_01270100",884,20,0,18000,0
"OD_1_01196100",1256,9,0,8100,0
"OD_1_01195300",233,60,0,54000,0
"OD_1_01222000",1303,11,8,9900,7200
"OD_1_01271500",430,166,0,149400,0
"OD_1_01196900",115,70,0,63000,0
"OD_1_01184200",2202,58,1,52200,900
"OD_1_01269600",851,106,0,95400,0
"OD_1_01246200",2088,66,0,59400,0
"OD_1_01269300",47,57,0,51300,0
"OD_1_01245800",1077,42,0,37800,0
"OD_1_01269700",385,0,0,0,0
"OD_1_01270000",840,0,0,0,0
"OD_1_01271700",157,24,0,21600,0
"OD_1_01200800",3282,373,0,335700,0
"OD_1_01273400",1649,90,0,81000,0
"OD_1_01271800",1293,161,0,144900,0
"OD_1_01195400",1169,177,0,159300,0
"OD_1_01222200",1341,91,146,81900,131400
"OD_1_01198100",374,72,0,64800,0
"OD_1_01270300",357,2,0,1800,0
"OD_1_01270400",243,79,0,71100,0
"OD_1_01271300",353,106,0,95400,0
"OD_1_01194800",879,46,0,41400,0
"OD_1_01194900",79,2,0,1800,0
"OD_1_01198200",194,134,0,120600,0
"OD_1_01271600",1483,132,0,118800,0
"OD_1_01245400",1807,129,0,116100,0
"OD_1_01245700",314,8,0,7200,0
"OD_1_01222100",399,21,1,18900,900
"OD_1_01270700",323,37,0,33300,0
"OD_1_01199700",228,30,0,27000,0
"OD_1_01245200",961,93,2,83700,1800
"OD_1_01220500",48,5,0,4500,0
"OD_1_01199600",185,52,0,46800,0
"OD_1_01272400",3154,659,0,593100,0
"OD_1_01220900",450,49,0,44100,0
"OD_1_01220400",120,1,0,900,0
"OD_1_01184000",1968,27,26,24300,23400
"OD_1_01200700",1230,9,0,8100,0
"OD_1_01269500",452,30,0,27000,0
"OD_1_01220600",77,0,0,0,0
"OD_1_01269900",449,2,0,1800,0
"OD_1_01197300",525,120,0,108000,0
"OD_1_01201400",1558,72,0,64800,0
"OD_1_01221700",101,55,12,49500,10800
"OD_1_01245900",805,33,0,29700,0
"OD_1_01221400",119,6,2,5400,1800
"OD_1_01270500",430,0,0,0,0
"OD_1_01198000",466,200,0,180000,0
"OD_1_01220800",70,17,0,15300,0
"OD_1_01201100",1024,152,0,136800,0
"OD_1_01245500",1052,224,0,201600,0
"OD_1_01201500",117,26,0,23400,0
"OD_1_01269800",316,1,0,900,0
"OD_1_01199800",649,92,0,82800,0
"OD_1_01245600",286,22,0,19800,0
"OD_1_01270600",375,1,0,900,0
"OD_1_01199500",131,47,0,42300,0
"OD_1_01183800",407,1,0,900,0
"OD_1_01225200",1433,201,0,180900,0
"OD_1_01273200",501,42,0,37800,0
"OD_1_01198800",263,113,0,101700,0
"OD_1_01272700",1269,30,0,27000,0
"OD_1_01221900",559,32,18,28800,16200
"OD_1_01220700",796,27,0,24300,0
"OD_1_01200600",1293,256,0,230400,0
"OD_1_01199900",333,10,0,9000,0
"OD_1_01221500",191,60,20,54000,18000
"OD_1_01221800",362,131,23,117900,20700
"OD_1_01273600",1408,123,0,110700,0
"OD_1_01201300",686,85,0,76500,0
"OD_1_01272600",91,2,0,1800,0
"OD_1_01272500",1929,59,0,53100,0
"OD_1_01201700",2415,330,7,297000,6300
"OD_1_01198700",111,81,0,72900,0
"OD_1_01245300",1847,767,0,690300,0
"OD_1_01273300",671,39,0,35100,0
"OD_1_01201600",148,6,0,5400,0
"OD_1_01198900",210,334,0,300600,0
"OD_1_01272300",473,49,0,44100,0
"OD_1_01271900",1136,511,0,459900,0
"OD_1_01246300",870,116,0,104400,0
"OD_1_01224700",1425,181,0,162900,0
"OD_1_01223300",1135,33,1,29700,900
"OD_1_01246000",299,44,0,39600,0
"OD_1_01224000",381,47,0,42300,0
"OD_1_01201900",2612,83,0,74700,0
"OD_1_01224100",541,17,0,15300,0
"OD_1_01223000",985,125,0,112500,0
"OD_1_01272200",702,217,0,195300,0
"OD_1_01183900",478,3,0,2700,0
"OD_1_01199400",622,122,0,109800,0
"OD_1_01200900",457,108,0,97200,0
"OD_1_01246100",111,10,0,9000,0
"OD_1_01273000",309,91,0,81900,0
"OD_1_01223100",460,0,0,0,0
"OD_1_01201000",171,6,0,5400,0
"OD_1_01197800",483,512,9,460800,8100
"OD_1_01198300",48,67,0,60300,0
"OD_1_01198600",93,102,1,91800,900
"OD_1_01272900",129,2,0,1800,0
"OD_1_01200000",177,79,1,71100,900
"OD_1_01223700",293,82,0,73800,0
"OD_1_01223200",590,4,0,3600,0
"OD_1_01246500",289,41,0,36900,0
"OD_1_01246400",185,45,0,40500,0
"OD_1_01273100",207,65,0,58500,0
"OD_1_01223600",575,22,0,19800,0
"OD_1_01272800",282,45,0,40500,0
"OD_1_01224600",563,139,0,125100,0
"OD_1_01273500",654,53,0,47700,0
"OD_1_01202200",2804,245,0,220500,0
"OD_1_01275900",1903,250,0,225000,0
"OD_1_01197500",460,122,2,109800,1800
"OD_1_01224200",208,13,0,11700,0
"OD_1_01225000",286,51,0,45900,0
"OD_1_01248000",2340,1499,0,1349100,0
"OD_1_01276000",392,111,0,99900,0
"OD_1_01223900",252,5,0,4500,0
"OD_1_01222400",349,117,2,105300,1800
"OD_1_01276100",273,52,0,46800,0
"OD_1_01247900",1479,209,0,188100,0
"OD_1_01275700",1197,88,0,79200,0
"OD_1_01200100",488,57,0,51300,0
"OD_1_01199100",125,74,0,66600,0
"OD_1_01197900",28,118,0,106200,0
"OD_1_01224300",438,131,0,117900,0
"OD_1_01205100",52,329,5,296100,4500
"OD_1_01199000",75,99,0,89100,0
"OD_1_01198400",47,31,0,27900,0
"OD_1_01202100",3292,347,0,312300,0
"OD_1_01226700",1130,138,0,124200,0
"OD_1_01225100",74,43,0,38700,0
"OD_1_01247800",531,31,0,27900,0
"OD_1_01225300",2365,110,0,99000,0
"OD_1_01223800",2110,58,0,52200,0
"OD_1_01246600",72,0,0,0,0
"OD_1_01276300",703,62,0,55800,0
"OD_1_01199200",110,71,0,63900,0
"OD_1_01272000",232,81,0,72900,0
"OD_1_01222900",410,10,0,9000,0
"OD_1_01289100",5517,176,0,158400,0
"OD_1_01202900",845,363,0,326700,0
"OD_1_01246700",206,61,0,54900,0
"OD_1_01201800",328,3,0,2700,0
"OD_1_01275000",518,129,0,116100,0
"OD_1_01273800",555,85,0,76500,0
"OD_1_01274000",686,0,0,0,0
"OD_1_01275100",903,89,0,80100,0
"OD_1_01204500",78,253,7,227700,6300
"OD_1_01223500",471,20,0,18000,0
"OD_1_01198500",60,90,0,81000,0
"OD_1_01224900",173,313,0,281700,0
"OD_1_01197700",58,227,15,204300,13500
"OD_1_01247700",509,42,0,37800,0
"OD_1_01200200",247,18,0,16200,0
"OD_1_01199300",90,133,0,119700,0
"OD_1_01197600",245,4,0,3600,0
"OD_1_01276500",588,109,0,98100,0
"OD_1_01200400",15,29,0,26100,0
"OD_1_01223400",334,8,0,7200,0
"OD_1_01200300",188,98,0,88200,0
"OD_1_01224400",52,71,0,63900,0
"OD_1_01246800",2070,538,2,484200,1800
"OD_1_01222300",77,81,0,72900,0
"OD_1_01276200",533,53,0,47700,0
"OD_1_01273900",66,57,0,51300,0
"OD_1_01224800",275,122,0,109800,0
"OD_1_01275600",828,53,0,47700,0
"OD_1_01272100",99,32,0,28800,0
"OD_1_01204700",5,233,1,209700,900
"OD_1_01203400",417,325,1,292500,900
"OD_1_01276400",400,37,0,33300,0
"OD_1_01224500",418,55,0,49500,0
"OD_1_01200500",1,23,5,20700,4500
"OD_1_01206100",44,18,0,16200,0
"OD_1_01274600",956,24,0,21600,0
"OD_1_01205200",12,140,1,126000,900
"OD_1_01203800",86,210,22,189000,19800
"OD_1_01222600",786,657,0,591300,0
"OD_1_01274100",845,1,0,900,0
"OD_1_01204600",94,208,0,187200,0
"OD_1_01206000",37,118,0,106200,0
"OD_1_01206200",106,30,0,27000,0
"OD_1_01202300",747,133,0,119700,0
"OD_1_01227100",1009,75,0,67500,0
"OD_1_01205700",246,867,1,780300,900
"OD_1_01288800",1950,216,0,194400,0
"OD_1_01277300",770,98,0,88200,0
"OD_1_01205300",92,28,0,25200,0
"OD_1_01225600",114,118,0,106200,0
"OD_1_01204400",30,125,1,112500,900
"OD_1_01274900",832,108,0,97200,0
"OD_1_01205900",61,112,0,100800,0
"OD_1_01203700",155,78,0,70200,0
"OD_1_01204300",16,176,17,158400,15300
"OD_1_01205800",59,241,1,216900,900
"OD_1_01222800",956,42,0,37800,0
"OD_1_01226400",89,10,0,9000,0
"OD_1_01288700",140,100,0,90000,0
"OD_1_01203000",310,51,0,45900,0
"OD_1_01227300",286,24,0,21600,0
"OD_1_01226300",378,248,0,223200,0
"OD_1_01222500",1116,176,1,158400,900
"OD_1_01275200",184,0,0,0,0
"OD_1_01225500",328,83,0,74700,0
"OD_1_01203100",133,52,0,46800,0
"OD_1_01275500",328,2,0,1800,0
"OD_1_01228400",1094,612,11,550800,9900
"OD_1_01205000",79,359,0,323100,0
"OD_1_01204200",8,288,23,259200,20700
"OD_1_01226600",421,123,0,110700,0
"OD_1_01277200",355,117,0,105300,0
"OD_1_01226500",288,49,0,44100,0
"OD_1_01204800",199,578,0,520200,0
"OD_1_01274200",459,17,0,15300,0
"OD_1_01275400",1732,132,0,118800,0
"OD_1_01202000",838,369,2,332100,1800
"OD_1_01275800",679,99,0,89100,0
"OD_1_01203900",14,87,0,78300,0
"OD_1_01203200",146,88,0,79200,0
"OD_1_01202400",133,71,0,63900,0
"OD_1_01228500",210,53,0,47700,0
"OD_1_01225700",201,216,0,194400,0
"OD_1_01275300",368,73,0,65700,0
"OD_1_01247100",343,347,0,312300,0
"OD_1_01276600",88,24,0,21600,0
"OD_1_01276900",502,241,0,216900,0
"OD_1_01204000",47,435,34,391500,30600
"OD_1_01277100",271,15,0,13500,0
"OD_1_01227200",911,160,0,144000,0
"OD_1_01274300",553,0,0,0,0
"OD_1_01203600",87,128,0,115200,0
"OD_1_01225400",799,0,0,0,0
"OD_1_01276700",215,111,0,99900,0
"OD_1_01222700",302,28,0,25200,0
"OD_1_01277000",320,18,0,16200,0
"OD_1_01289200",1415,33,0,29700,0
"OD_1_01206400",250,223,0,200700,0
"OD_1_01202600",297,139,0,125100,0
"OD_1_01246900",392,4,0,3600,0
"OD_1_01248100",425,99,0,89100,0
"OD_1_01211000",295,221,0,198900,0
"OD_1_01274500",499,4,0,3600,0
"OD_1_01289400",716,244,24,219600,21600
"OD_1_01250300",1858,524,0,471600,0
"OD_1_01250100",793,957,0,861300,0
"OD_1_01274700",870,75,0,67500,0
"OD_1_01247600",32,84,0,75600,0
"OD_1_01227700",1267,3,0,2700,0
"OD_1_01204900",20,74,0,66600,0
"OD_1_01278600",323,102,0,91800,0
"OD_1_01227400",363,146,0,131400,0
"OD_1_01202500",158,27,0,24300,0
"OD_1_01202700",44,24,0,21600,0
"OD_1_01278400",626,3,0,2700,0
"OD_1_01205600",93,134,0,120600,0
"OD_1_01226000",760,112,0,100800,0
"OD_1_01227000",305,3,0,2700,0
"OD_1_01247500",79,26,0,23400,0
"OD_1_01248200",284,67,0,60300,0
"OD_1_01226200",322,4,0,3600,0
"OD_1_01228300",70,67,2,60300,1800
"OD_1_01289300",5538,240,0,216000,0
"OD_1_01226900",608,150,0,135000,0
"OD_1_01277400",617,13,0,11700,0
"OD_1_01226100",771,28,0,25200,0
"OD_1_01203500",1,324,7,291600,6300
"OD_1_01225800",165,0,0,0,0
"OD_1_01205500",56,83,0,74700,0
"OD_1_01228100",1136,50,0,45000,0
"OD_1_01226800",313,43,0,38700,0
"OD_1_01205400",67,338,2,304200,1800
"OD_1_01203300",66,274,1,246600,900
"OD_1_01274400",137,0,0,0,0
"OD_1_01212300",946,595,42,535500,37800
"OD_1_01230100",4649,231,0,207900,0
"OD_1_01202800",72,4,0,3600,0
"OD_1_01231000",779,1,0,900,0
"OD_1_01207400",26,201,6,180900,5400
"OD_1_01211100",140,209,0,188100,0
"OD_1_01210300",116,419,0,377100,0
"OD_1_01204100",65,117,0,105300,0
"OD_1_01212200",284,12,0,10800,0
"OD_1_01279500",775,50,0,45000,0
"OD_1_01274800",711,96,0,86400,0
"OD_1_01212100",1238,83,0,74700,0
"OD_1_01225900",209,0,0,0,0
"OD_1_01277500",239,26,0,23400,0
"OD_1_01228600",626,87,0,78300,0
"OD_1_01278700",371,20,0,18000,0
"OD_1_01279700",1145,104,0,93600,0
"OD_1_01212500",911,170,0,153000,0
"OD_1_01228200",162,18,0,16200,0
"OD_1_01207500",26,272,11,244800,9900
"OD_1_01211200",206,116,0,104400,0
"OD_1_01247400",172,52,0,46800,0
"OD_1_01208600",86,125,0,112500,0
"OD_1_01276800",415,244,0,219600,0
"OD_1_01227500",517,192,1,172800,900
"OD_1_01231800",173,41,0,36900,0
"OD_1_01247000",297,18,0,16200,0
"OD_1_01247300",69,15,0,13500,0
"OD_1_01210400",120,435,0,391500,0
"OD_1_01227600",301,4,0,3600,0
"OD_1_01248300",867,128,0,115200,0
"OD_1_01247200",311,216,0,194400,0
"OD_1_01230900",3395,87,0,78300,0
"OD_1_01208700",120,307,0,276300,0
"OD_1_01210900",103,280,0,252000,0
"OD_1_01210500",122,125,0,112500,0
"OD_1_01277800",548,30,0,27000,0
"OD_1_01278500",631,25,0,22500,0
"OD_1_01227800",348,1,0,900,0
"OD_1_01248400",455,0,0,0,0
"OD_1_01208400",48,76,0,68400,0
"OD_1_01250200",854,200,0,180000,0
"OD_1_01278300",334,0,0,0,0
"OD_1_01250000",1043,1006,0,905400,0
"OD_1_01277600",478,60,0,54000,0
"OD_1_01231700",214,2,0,1800,0
"OD_1_01289500",391,130,1,117000,900
"OD_1_01249800",344,532,0,478800,0
"OD_1_01289600",330,2,0,1800,0
"OD_1_01228000",973,31,0,27900,0
"OD_1_01231900",2107,31,0,27900,0
"OD_1_01279600",47,7,0,6300,0
"OD_1_01249400",209,70,0,63000,0
"OD_1_01208300",33,101,1,90900,900
"OD_1_01229500",540,117,0,105300,0
"OD_1_01212000",864,32,0,28800,0
"OD_1_01279400",828,49,0,44100,0
"OD_1_01211500",81,49,0,44100,0
"OD_1_01289800",634,82,0,73800,0
"OD_1_01279800",1070,0,0,0,0
"OD_1_01249500",399,271,0,243900,0
"OD_1_01228900",1115,217,0,195300,0
"OD_1_01227900",278,3,0,2700,0
"OD_1_01231100",905,24,0,21600,0
"OD_1_01207300",84,110,1,99000,900
"OD_1_01210200",28,273,0,245700,0
"OD_1_01248900",434,3,0,2700,0
"OD_1_01230500",584,17,0,15300,0
"OD_1_01211400",496,65,0,58500,0
"OD_1_01207700",61,137,2,123300,1800
"OD_1_01208900",19,205,0,184500,0
"OD_1_01208500",48,137,1,123300,900
"OD_1_01210800",931,911,3,819900,2700
"OD_1_01278900",952,14,0,12600,0
"OD_1_01277900",473,36,0,32400,0
"OD_1_01279200",578,27,0,24300,0
"OD_1_01210600",38,233,0,209700,0
"OD_1_01278800",419,38,0,34200,0
"OD_1_01249300",182,96,0,86400,0
"OD_1_01278200",455,21,0,18900,0
"OD_1_01211700",654,190,0,171000,0
"OD_1_01211300",365,14,0,12600,0
"OD_1_01207600",1,165,2,148500,1800
"OD_1_01230200",158,2,0,1800,0
"OD_1_01229400",52,17,0,15300,0
"OD_1_01208200",14,92,4,82800,3600
"OD_1_01249100",560,43,0,38700,0
"OD_1_01249000",564,101,0,90900,0
"OD_1_01232300",2093,576,0,518400,0
"OD_1_01211600",360,132,0,118800,0
"OD_1_01231600",992,97,0,87300,0
"OD_1_01248500",276,3,0,2700,0
"OD_1_01210100",247,1058,0,952200,0
"OD_1_01279300",652,94,0,84600,0
"OD_1_01230000",309,13,0,11700,0
"OD_1_01211800",232,52,0,46800,0
"OD_1_01229300",81,51,0,45900,0
"OD_1_01212400",448,43,2,38700,1800
"OD_1_01229200",2472,343,0,308700,0
"OD_1_01208800",30,182,2,163800,1800
"OD_1_01209700",92,147,0,132300,0
"OD_1_01209000",13,245,9,220500,8100
"OD_1_01208100",4,216,0,194400,0
"OD_1_01228700",6565,1733,15,1559700,13500
"OD_1_01277700",553,13,0,11700,0
"OD_1_01230400",3703,210,0,189000,0
"OD_1_01248800",154,3,0,2700,0
"OD_1_01207200",95,33,0,29700,0
"OD_1_01230300",283,68,0,61200,0
"OD_1_01249700",913,264,0,237600,0
"OD_1_01207900",27,118,0,106200,0
"OD_1_01278000",1031,16,0,14400,0
"OD_1_01209600",230,388,0,349200,0
"OD_1_01206900",84,565,79,508500,71100
"OD_1_01228800",481,173,0,155700,0
"OD_1_01212600",924,109,7,98100,6300
"OD_1_01279100",437,58,0,52200,0
"OD_1_01209800",32,66,0,59400,0
"OD_1_01279900",1009,34,0,30600,0
"OD_1_01229600",720,246,0,221400,0
"OD_1_01279000",427,4,0,3600,0
"OD_1_01229700",395,169,0,152100,0
"OD_1_01210700",240,454,0,408600,0
"OD_1_01248600",583,0,0,0,0
"OD_1_01207800",31,305,59,274500,53100
"OD_1_01209100",120,281,6,252900,5400
"OD_1_01229900",1296,316,0,284400,0
"OD_1_01248700",321,31,0,27900,0
"OD_1_01207100",1,124,7,111600,6300
"OD_1_01289700",589,21,0,18900,0
"OD_1_01249200",82,56,0,50400,0
"OD_1_01252300",1127,69,0,62100,0
"OD_1_01278100",214,2,0,1800,0
"OD_1_01252000",2452,384,0,345600,0
"OD_1_01253100",855,1,0,900,0
"OD_1_01290100",1550,363,0,326700,0
"OD_1_01208000",49,171,16,153900,14400
"OD_1_01253000",609,32,0,28800,0
"OD_1_01209200",39,64,0,57600,0
"OD_1_01280100",2722,214,0,192600,0
"OD_1_01250800",860,436,1,392400,900
"OD_1_01230600",25,4,0,3600,0
"OD_1_01210000",46,13,0,11700,0
"OD_1_01252200",1823,278,0,250200,0
"OD_1_01211900",353,41,0,36900,0
"OD_1_01207000",1,141,11,126900,9900
"OD_1_01232100",331,116,0,104400,0
"OD_1_01212700",1675,260,0,234000,0
"OD_1_01249900",47,3,0,2700,0
"OD_1_01249600",224,134,0,120600,0
"OD_1_01209300",19,152,1,136800,900
"OD_1_01230700",65,1,0,900,0
"OD_1_01252900",35,0,0,0,0
"OD_1_01213200",223,73,0,65700,0
"OD_1_01214900",21,178,9,160200,8100
"OD_1_01281100",756,84,0,75600,0
"OD_1_01250900",541,303,0,272700,0
"OD_1_01213600",79,315,0,283500,0
"OD_1_01252800",508,57,0,51300,0
"OD_1_01250400",1278,507,0,456300,0
"OD_1_01280000",86,85,0,76500,0
"OD_1_01232000",337,135,0,121500,0
"OD_1_01214500",77,407,2,366300,1800
"OD_1_01231500",67,109,0,98100,0
"OD_1_01281000",1378,75,0,67500,0
"OD_1_01233000",3734,52,0,46800,0
"OD_1_01214800",19,109,0,98100,0
"OD_1_01251300",192,450,0,405000,0
"OD_1_01209500",11,212,0,190800,0
"OD_1_01209400",37,18,0,16200,0
"OD_1_01214300",32,170,3,153000,2700
"OD_1_01209900",0,72,0,64800,0
"OD_1_01231200",116,13,0,11700,0
"OD_1_01215000",44,124,6,111600,5400
"OD_1_01251400",462,596,0,536400,0
"OD_1_01213300",92,133,0,119700,0
"OD_1_01229000",626,36,0,32400,0
"OD_1_01231300",267,2,0,1800,0
"OD_1_01214200",130,172,0,154800,0
"OD_1_01213500",1,57,0,51300,0
"OD_1_01214400",28,306,9,275400,8100
"OD_1_01253200",216,41,0,36900,0
"OD_1_01213400",136,447,0,402300,0
"OD_1_01291500",1785,33,0,29700,0
"OD_1_01280600",405,2,0,1800,0
"OD_1_01250700",399,41,0,36900,0
"OD_1_01213900",196,964,1,867600,900
"OD_1_01215500",132,310,1,279000,900
"OD_1_01212800",380,79,0,71100,0
"OD_1_01215300",44,91,0,81900,0
"OD_1_01215200",55,176,0,158400,0
"OD_1_01290600",1205,50,0,45000,0
"OD_1_01280200",106,5,0,4500,0
"OD_1_01213100",696,614,0,552600,0
"OD_1_01215100",9,65,7,58500,6300
"OD_1_01280700",248,0,0,0,0
"OD_1_01280300",236,0,0,0,0
"OD_1_01216100",59,90,0,81000,0
"OD_1_01231400",463,14,0,12600,0
"OD_1_01213700",40,550,0,495000,0
"OD_1_01252700",41,3,0,2700,0
"OD_1_01232200",88,27,0,24300,0
"OD_1_01252100",297,419,0,377100,0
"OD_1_01252400",1182,275,1,247500,900
"OD_1_01290200",266,83,0,74700,0
"OD_1_01232500",1253,49,0,44100,0
"OD_1_01219400",4202,5624,1,5061600,900
"OD_1_01252600",426,7,0,6300,0
"OD_1_01214600",102,360,2,324000,1800
"OD_1_01253300",703,30,0,27000,0
"OD_1_01214000",44,456,3,410400,2700
"OD_1_01236800",503,155,0,139500,0
"OD_1_01280400",210,3,0,2700,0
"OD_1_01236700",26,17,0,15300,0
"OD_1_01229100",246,8,0,7200,0
"OD_1_01251000",1064,340,1,306000,900
"OD_1_01232400",33,20,0,18000,0
"OD_1_01250600",993,235,0,211500,0
"OD_1_01252500",447,20,0,18000,0
"OD_1_01233800",1462,263,0,236700,0
"OD_1_01251900",379,178,0,160200,0
"OD_1_01233200",308,19,0,17100,0
"OD_1_01229800",275,58,0,52200,0
"OD_1_01281200",478,36,0,32400,0
"OD_1_01216000",434,344,0,309600,0
"OD_1_01215800",192,263,1,236700,900
"OD_1_01214100",158,376,16,338400,14400
"OD_1_01213000",443,66,0,59400,0
"OD_1_01290700",993,7,0,6300,0
"OD_1_01236600",196,201,0,180900,0
"OD_1_01215900",913,664,0,597600,0
"OD_1_01235700",287,200,0,180000,0
"OD_1_01235900",259,120,0,108000,0
"OD_1_01280900",1828,42,0,37800,0
"OD_1_01253400",429,8,0,7200,0
"OD_1_01236900",797,565,0,508500,0
"OD_1_01214700",166,413,0,371700,0
"OD_1_01235800",561,390,0,351000,0
"OD_1_01212900",208,27,0,24300,0
"OD_1_01290000",4286,107,0,96300,0
"OD_1_01236100",1169,535,0,481500,0
"OD_1_01010500",735,29,0,26100,0
"OD_1_01216300",109,176,0,158400,0
"OD_1_01280800",174,74,0,66600,0
"OD_1_01216500",93,132,0,118800,0
"OD_1_01236500",176,228,0,205200,0
"OD_1_01281300",523,69,0,62100,0
"OD_1_01216900",135,217,0,195300,0
"OD_1_01236300",189,206,0,185400,0
"OD_1_01232900",117,0,0,0,0
"OD_1_01219200",703,179,0,161100,0
"OD_1_01253500",455,30,0,27000,0
"OD_1_01236400",216,373,0,335700,0
"OD_1_01290500",81,74,0,66600,0
"OD_1_01251200",79,100,0,90000,0
"OD_1_01290300",74,49,0,44100,0
"OD_1_01233100",162,0,0,0,0
"OD_1_01218100",563,593,1,533700,900
"OD_1_01282100",344,0,0,0,0
"OD_1_01251800",234,225,0,202500,0
"OD_1_01290400",673,221,0,198900,0
"OD_1_01235600",1290,831,0,747900,0
"OD_1_01218300",213,86,0,77400,0
"OD_1_01213800",34,46,0,41400,0
"OD_1_01251500",63,57,0,51300,0
"OD_1_01216400",16,234,0,210600,0
"OD_1_01291600",703,13,1,11700,900
"OD_1_01290800",520,13,0,11700,0
"OD_1_01235500",1116,511,0,459900,0
"OD_1_01219100",151,69,0,62100,0
"OD_1_01216800",39,50,0,45000,0
"OD_1_01215700",272,294,0,264600,0
"OD_1_01233300",120,3,0,2700,0
"OD_1_01235300",30,81,0,72900,0
"OD_1_01254200",1422,974,0,876600,0
"OD_1_01217000",10,83,0,74700,0
"OD_1_01217200",67,208,0,187200,0
"OD_1_01253600",1335,68,0,61200,0
"OD_1_01290900",1022,172,0,154800,0
"OD_1_01282300",246,0,0,0,0
"OD_1_01254600",227,296,0,266400,0
"OD_1_01281700",174,132,0,118800,0
"OD_1_01250500",197,22,0,19800,0
"OD_1_01218200",144,189,0,170100,0
"OD_1_01281400",370,131,0,117900,0
"OD_1_01232700",169,4,0,3600,0
"OD_1_01235400",788,1337,0,1203300,0
"OD_1_01251700",562,230,0,207000,0
"OD_1_01251100",458,310,0,279000,0
"OD_1_01234800",559,300,0,270000,0
"OD_1_01216600",1147,1661,1,1494900,900
"OD_1_01232800",165,20,0,18000,0
"OD_1_01230800",360,28,0,25200,0
"OD_1_01217300",60,118,0,106200,0
"OD_1_01233400",93,0,0,0,0
"OD_1_01218000",250,111,0,99900,0
"OD_1_01217100",4,78,0,70200,0
"OD_1_01254300",303,367,0,330300,0
"OD_1_01253700",66,46,0,41400,0
"OD_1_01234900",966,262,0,235800,0
"OD_1_01235000",670,228,0,205200,0
"OD_1_01219300",1909,1234,0,1110600,0
"OD_1_01218400",308,86,0,77400,0
"OD_1_01235100",234,208,0,187200,0
"OD_1_01282800",1808,88,0,79200,0
"OD_1_01291000",1131,288,0,259200,0
"OD_1_01237000",14,29,0,26100,0
"OD_1_01282900",1143,60,0,54000,0
"OD_1_01251600",234,27,0,24300,0
"OD_1_01216700",584,847,0,762300,0
"OD_1_01233900",2348,842,0,757800,0
"OD_1_01217600",36,248,0,223200,0
"OD_1_01232600",144,9,0,8100,0
"OD_1_01219000",171,124,0,111600,0
"OD_1_01233500",76,0,0,0,0
"OD_1_01236200",136,240,0,216000,0
"OD_1_01254700",930,460,0,414000,0
"OD_1_01217400",123,142,0,127800,0
"OD_1_01237200",360,1133,0,1019700,0
"OD_1_01281500",1954,483,0,434700,0
"OD_1_01233600",129,0,0,0,0
"OD_1_01218500",49,297,0,267300,0
"OD_1_01254400",2047,1212,0,1090800,0
"OD_1_01325500",1794,10,0,9000,0
"OD_1_01254000",2481,130,0,117000,0
"OD_1_01255100",707,410,0,369000,0
"OD_1_01233700",78,0,0,0,0
"OD_1_01237100",85,437,0,393300,0
"OD_1_01336500",1757,30,0,27000,0
"OD_1_01281600",1046,715,0,643500,0
"OD_1_01336800",2974,0,0,0,0
"OD_1_01255200",7172,1554,0,1398600,0
"OD_1_01216200",424,101,0,90900,0
"OD_1_01217700",80,411,0,369900,0
"OD_1_01236000",0,28,0,25200,0
"OD_1_01253800",1172,146,0,131400,0
"OD_1_01282000",311,0,0,0,0
"OD_1_01217500",439,978,8,880200,7200
"OD_1_01234600",363,59,0,53100,0
"OD_1_01281800",375,26,0,23400,0
"OD_1_01325200",820,0,0,0,0
"OD_1_01218600",236,716,0,644400,0
"OD_1_01234700",121,311,0,279900,0
"OD_1_01217800",204,159,0,143100,0
"OD_1_01237300",330,239,15,215100,13500
"OD_1_01218900",285,369,0,332100,0
"OD_1_01291700",1594,44,0,39600,0
"OD_1_01282400",248,0,0,0,0
"OD_1_01237600",105,224,0,201600,0
"OD_1_01322900",73,18,0,16200,0
"OD_1_01324000",467,59,0,53100,0
"OD_1_01282500",4302,59,0,53100,0
"OD_1_01325000",1244,35,0,31500,0
"OD_1_01324700",1730,69,0,62100,0
"OD_1_01282600",403,3,0,2700,0
"OD_1_01325700",287,2,0,1800,0
"OD_1_01234400",1458,276,0,248400,0
"OD_1_01234200",1662,75,0,67500,0
"OD_1_01234100",1797,372,0,334800,0
"OD_1_01234300",92,0,0,0,0
"OD_1_01237800",304,150,0,135000,0
"OD_1_01254500",262,132,0,118800,0
"OD_1_01219900",386,334,0,300600,0
"OD_1_01324200",1881,20,0,18000,0
"OD_1_01254100",134,0,0,0,0
"OD_1_01220100",210,814,12,732600,10800
"OD_1_01218700",364,527,0,474300,0
"OD_1_01323900",47,4,0,3600,0
"OD_1_01218800",414,554,0,498600,0
"OD_1_01254800",231,123,0,110700,0
"OD_1_01237500",209,642,0,577800,0
"OD_1_01237700",155,457,0,411300,0
"OD_1_01237400",101,108,0,97200,0
"OD_1_01220000",864,2108,19,1897200,17100
"OD_1_01237900",156,197,0,177300,0
"OD_1_01256300",20186,6207,4,5586300,3600
"OD_1_01255900",644,254,0,228600,0
"OD_1_01323700",1339,0,0,0,0
"OD_1_01217900",53,72,1,64800,900
"OD_1_01324600",532,0,0,0,0
"OD_1_01325900",1933,0,0,0,0
"OD_1_01241100",142,317,54,285300,48600
"OD_1_01240900",7125,1075,0,967500,0
"OD_1_01234000",2018,234,0,210600,0
"OD_1_01323300",797,0,0,0,0
"OD_1_01219700",3469,5312,88,4780800,79200
"OD_1_01339800",323,0,0,0,0
"OD_1_01238200",135,597,0,537300,0
"OD_1_01219800",1069,1671,8,1503900,7200
"OD_1_01337500",402,0,0,0,0
"OD_1_01284400",2426,110,0,99000,0
"OD_1_01253900",1213,238,0,214200,0
"OD_1_01255000",242,164,0,147600,0
"OD_1_01235200",2,102,0,91800,0
"OD_1_01338000",306,1,0,900,0
"OD_1_01323000",99,0,0,0,0
"OD_1_01339200",249,6,0,5400,0
"OD_1_01323100",150,7,0,6300,0
"OD_1_01323600",1861,31,0,27900,0
"OD_1_01234500",124,160,0,144000,0
"OD_1_01323200",156,10,0,9000,0
"OD_1_01254900",192,34,0,30600,0
"OD_1_01284300",870,143,0,128700,0
"OD_1_01326600",2044,25,0,22500,0
"OD_1_01337200",534,69,0,62100,0
"OD_1_01339500",540,7,0,6300,0
"OD_1_01337900",441,0,0,0,0
"OD_1_01325100",67,2,0,1800,0
"OD_1_01241400",104,917,0,825300,0
"OD_1_01284800",1295,1327,0,1194300,0
"OD_1_01284100",99,7,0,6300,0
"OD_1_01255300",3250,1218,0,1096200,0
"OD_1_01352800",13971,327,0,294300,0
"OD_1_01240800",2836,1141,0,1026900,0
"OD_1_01238300",40,567,0,510300,0
"OD_1_01327100",1450,140,0,126000,0
"OD_1_01284700",1820,90,0,81000,0
"OD_1_01338100",591,0,0,0,0
"OD_1_01241300",23,430,2,387000,1800
"OD_1_01284000",54,261,0,234900,0
"OD_1_01326000",289,0,0,0,0
"OD_1_01219500",1180,4138,2,3724200,1800
"OD_1_01339300",568,37,0,33300,0
"OD_1_01238400",58,313,0,281700,0
"OD_1_01255600",421,135,0,121500,0
"OD_1_01238100",0,340,0,306000,0
"OD_1_01238000",73,153,0,137700,0
"OD_1_01241200",2,210,98,189000,88200
"OD_1_01326400",361,0,0,0,0
"OD_1_01337600",299,0,0,0,0
"OD_1_01283600",294,48,0,43200,0
"OD_1_01339100",719,39,0,35100,0
"OD_1_01323800",376,0,0,0,0
"OD_1_01337400",160,0,0,0,0
"OD_1_01327200",884,58,0,52200,0
"OD_1_01339700",75,87,11,78300,9900
"OD_1_01328400",1981,21,1,18900,900
"OD_1_01337800",416,0,0,0,0
"OD_1_01241000",3137,2926,3,2633400,2700
"OD_1_01283900",942,117,0,105300,0
"OD_1_01239800",475,215,0,193500,0
"OD_1_01339600",279,47,8,42300,7200
"OD_1_01255400",1676,721,0,648900,0
"OD_1_01327300",825,45,0,40500,0
"OD_1_01255500",282,69,0,62100,0
"OD_1_01338200",372,1,0,900,0
"OD_1_01326100",52,3,0,2700,0
"OD_1_01340000",656,80,0,72000,0
"OD_1_01284900",496,1002,0,901800,0
"OD_1_01283300",3070,398,0,358200,0
"OD_1_01239600",187,195,0,175500,0
"OD_1_01283400",62,5,0,4500,0
"OD_1_01337300",1867,112,0,100800,0
"OD_1_01284500",286,0,0,0,0
"OD_1_01326200",1058,101,0,90900,0
"OD_1_01256000",1062,253,0,227700,0
"OD_1_01283700",136,89,0,80100,0
"OD_1_01285000",442,412,0,370800,0
"OD_1_01338300",163,0,0,0,0
"OD_1_01337700",108,0,0,0,0
"OD_1_01339400",247,43,0,38700,0
"OD_1_01283800",37,19,0,17100,0
"OD_1_01327700",1784,90,0,81000,0
"OD_1_01238700",0,95,0,85500,0
"OD_1_01338400",4744,264,0,237600,0
"OD_1_01239100",0,103,0,92700,0
"OD_1_01238800",22,496,0,446400,0
"OD_1_01238600",4,386,0,347400,0
"OD_1_01327600",898,84,0,75600,0
"OD_1_01326300",1145,18,0,16200,0
"OD_1_01238900",1,212,0,190800,0
"OD_1_01241500",10032,6269,87,5642100,78300
"OD_1_01326500",225,0,0,0,0
"OD_1_01340100",5041,287,0,258300,0
"OD_1_01239000",6,465,0,418500,0
"OD_1_01352900",1729,6,0,5400,0
"OD_1_01239300",84,602,0,541800,0
"OD_1_01255800",1005,543,0,488700,0
"OD_1_01285500",733,0,0,0,0
"OD_1_01354900",10009,178,0,160200,0
"OD_1_01294000",1253,64,0,57600,0
"OD_1_01239400",120,481,0,432900,0
"OD_1_01327900",3085,159,0,143100,0
"OD_1_01239500",63,524,1,471600,900
"OD_1_01293600",405,9,0,8100,0
"OD_1_01285400",1965,60,0,54000,0
"OD_1_01339000",251,13,0,11700,0
"OD_1_01285300",1484,92,0,82800,0
"OD_1_01338900",497,18,0,16200,0
"OD_1_01255700",291,21,0,18900,0
"OD_1_01338800",320,1,0,900,0
"OD_1_01328200",159,0,0,0,0
"OD_1_01240000",336,435,0,391500,0
"OD_1_01238500",4,76,0,68400,0
"OD_1_01239700",66,443,0,398700,0
"OD_1_01293500",535,54,0,48600,0
"OD_1_01285600",507,0,0,0,0
"OD_1_01327000",421,103,0,92700,0
"OD_1_01327400",964,39,0,35100,0
"OD_1_01240600",1308,1724,0,1551600,0
"OD_1_01240700",2085,539,0,485100,0
"OD_1_01330800",5054,243,0,218700,0
"OD_1_01294800",1141,113,2,101700,1800
"OD_1_01295800",1555,48,0,43200,0
"OD_1_01256200",3073,189,0,170100,0
"OD_1_01285900",1423,46,0,41400,0
"OD_1_01285200",173,582,0,523800,0
"OD_1_01326800",427,20,0,18000,0
"OD_1_01239900",133,270,0,243000,0
"OD_1_01326900",658,36,0,32400,0
"OD_1_01240100",1644,485,0,436500,0
"OD_1_01286500",1695,820,0,738000,0
"OD_1_01285700",1284,1,0,900,0
"OD_1_01327500",71,0,0,0,0
"OD_1_01340400",2335,112,0,100800,0
"OD_1_01328500",1211,33,0,29700,0
"OD_1_01285100",1513,213,0,191700,0
"OD_1_01256100",1191,485,0,436500,0
"OD_1_01326700",393,11,0,9900,0
"OD_1_01219600",39,355,13,319500,11700
"OD_1_01240200",4933,5984,0,5385600,0
"OD_1_01338600",383,86,0,77400,0
"OD_1_01328000",168,0,0,0,0
"OD_1_01294700",3316,623,0,560700,0
"OD_1_01338700",311,26,0,23400,0
"OD_1_01338500",1043,55,0,49500,0
"OD_1_01285800",609,17,0,15300,0
"OD_1_01239200",22,29,0,26100,0
"OD_1_01293900",254,61,0,54900,0
"OD_1_01330700",1816,109,0,98100,0
"OD_1_01330600",1055,21,0,18900,0
"OD_1_01330500",2111,107,0,96300,0
"OD_1_01295900",229,28,0,25200,0
"OD_1_01327800",108,19,0,17100,0
"OD_1_01296100",918,5,0,4500,0
"OD_1_01328600",753,103,0,92700,0
"OD_1_01353800",4536,56,0,50400,0
"OD_1_01296400",2771,19,0,17100,0
"OD_1_01294400",695,113,0,101700,0
"OD_1_01286100",225,6,0,5400,0
"OD_1_01340500",2407,303,0,272700,0
"OD_1_01353900",2040,16,0,14400,0
"OD_1_01256400",1768,831,0,747900,0
"OD_1_01286000",234,0,0,0,0
"OD_1_01240300",37,167,0,150300,0
"OD_1_01240500",1014,839,0,755100,0
"OD_1_01286300",256,0,0,0,0
"OD_1_01240400",30,18,0,16200,0
"OD_1_01329800",342,13,0,11700,0
"OD_1_01328700",733,53,0,47700,0
"OD_1_01294200",544,62,0,55800,0
"OD_1_01354800",880,8,0,7200,0
"OD_1_01295400",184,0,0,0,0
"OD_1_01286200",90,3,0,2700,0
"OD_1_01296000",130,11,0,9900,0
"OD_1_01329900",1378,44,0,39600,0
"OD_1_01294100",1881,59,0,53100,0
"OD_1_01294900",580,0,0,0,0
"OD_1_01299700",987,18,0,16200,0
"OD_1_40803000",16480,2077,35,1869300,31500
"OD_1_01299500",762,21,0,18900,0
"OD_1_01286600",58,256,0,230400,0
"OD_1_01256500",5302,4609,0,4148100,0
"OD_1_01296300",461,17,0,15300,0
"OD_1_01286400",1189,97,0,87300,0
"OD_1_01299400",708,12,0,10800,0
"OD_1_01294500",447,41,0,36900,0
"OD_1_01296200",618,3,0,2700,0
"OD_1_01286700",744,704,4,633600,3600
"OD_1_01296500",3407,736,4,662400,3600
"OD_1_01295300",662,0,0,0,0
"OD_1_01330100",336,10,0,9000,0
"OD_1_01294300",747,61,0,54900,0
"OD_1_01340600",208,80,0,72000,0
"OD_1_01295200",408,0,0,0,0
"OD_1_01333700",735,101,0,90900,0
"OD_1_01340200",3580,125,0,112500,0
"OD_1_01286800",413,8,0,7200,0
"OD_1_01295000",507,4,0,3600,0
"OD_1_01294600",334,119,0,107100,0
"OD_1_01297600",326,21,0,18900,0
"OD_1_01299200",2134,43,0,38700,0
"OD_1_01328800",457,56,0,50400,0
"OD_1_01340300",3033,83,0,74700,0
"OD_1_01295100",576,0,0,0,0
"OD_1_01354700",1527,14,0,12600,0
"OD_1_01354000",246,0,0,0,0
"OD_1_01354100",800,2,0,1800,0
"OD_1_01329000",33,16,1,14400,900
"OD_1_01329100",1239,39,0,35100,0
"OD_1_01333800",1124,36,0,32400,0
"OD_1_01298600",300,11,0,9900,0
"OD_1_01297200",1067,149,0,134100,0
"OD_1_01353400",1809,13,0,11700,0
"OD_1_01296900",1428,156,0,140400,0
"OD_1_01330300",252,5,0,4500,0
"OD_1_01328900",90,7,0,6300,0
"OD_1_01330200",166,0,0,0,0
"OD_1_01300000",1967,100,0,90000,0
"OD_1_01298000",2319,34,0,30600,0
"OD_1_01297400",1832,170,3,153000,2700
"OD_1_01330400",308,25,0,22500,0
"OD_1_01340700",1172,183,0,164700,0
"OD_1_01287200",4248,1697,0,1527300,0
"OD_1_01355200",10452,221,0,198900,0
"OD_1_01303900",3508,216,0,194400,0
"OD_1_01286900",912,0,0,0,0
"OD_1_01298700",668,0,0,0,0
"OD_1_01297000",181,2,0,1800,0
"OD_1_01297800",1116,102,0,91800,0
"OD_1_01297900",221,75,0,67500,0
"OD_1_01287000",879,144,0,129600,0
"OD_1_01296600",595,140,0,126000,0
"OD_1_01297100",223,2,0,1800,0
"OD_1_01329700",41,43,0,38700,0
"OD_1_01354200",500,7,0,6300,0
"OD_1_01355100",10127,168,0,151200,0
"OD_1_01330900",2903,332,0,298800,0
"OD_1_01354600",196,11,0,9900,0
"OD_1_01299800",221,4,0,3600,0
"OD_1_01298800",1224,33,0,29700,0
"OD_1_01340800",344,193,0,173700,0
"OD_1_01300100",2114,94,0,84600,0
"OD_1_01296700",423,172,0,154800,0
"OD_1_01329500",105,5,0,4500,0
"OD_1_01329600",81,0,0,0,0
"OD_1_01334000",543,0,0,0,0
"OD_1_01353700",249,0,0,0,0
"OD_1_01329200",419,10,0,9000,0
"OD_1_01340900",716,165,0,148500,0
"OD_1_01331100",991,715,0,643500,0
"OD_1_01354500",283,32,0,28800,0
"OD_1_01299900",638,13,0,11700,0
"OD_1_01296800",1461,338,0,304200,0
"OD_1_01297500",214,12,0,10800,0
"OD_1_01353500",1493,11,0,9900,0
"OD_1_01333900",287,33,0,29700,0
"OD_1_01298300",717,1,0,900,0
"OD_1_01299100",420,79,0,71100,0
"OD_1_01287100",578,14,0,12600,0
"OD_1_01355300",1809,42,0,37800,0
"OD_1_01341100",2352,332,0,298800,0
"OD_1_01334100",718,118,0,106200,0
"OD_1_01298100",407,4,0,3600,0
"OD_1_01355000",881,0,0,0,0
"OD_1_01329300",73,26,0,23400,0
"OD_1_01329400",217,10,0,9000,0
"OD_1_01298500",560,0,0,0,0
"OD_1_01297300",371,99,0,89100,0
"OD_1_01335800",2918,1000,0,9e+05,0
"OD_1_01341800",2043,30,0,27000,0
"OD_1_01297700",506,42,0,37800,0
"OD_1_01334200",158,115,0,103500,0
"OD_1_01298400",628,0,0,0,0
"OD_1_01341700",2355,35,0,31500,0
"OD_1_01304200",1174,156,0,140400,0
"OD_1_01298200",453,14,0,12600,0
"OD_1_01287300",715,24,0,21600,0
"OD_1_01298900",430,31,0,27900,0
"OD_1_01357100",3938,12,0,10800,0
"OD_1_01341000",828,40,0,36000,0
"OD_1_01303000",1631,193,0,173700,0
"OD_1_01356600",465,52,0,46800,0
"OD_1_01300500",3384,61,0,54900,0
"OD_1_01299000",369,11,0,9900,0
"OD_1_01331200",144,49,0,44100,0
"OD_1_01331300",3615,244,0,219600,0
"OD_1_01304400",1550,113,0,101700,0
"OD_1_01302900",202,109,0,98100,0
"OD_1_01302700",985,32,0,28800,0
"OD_1_01287400",1414,43,0,38700,0
"OD_1_01287600",7740,3247,0,2922300,0
"OD_1_01331000",4,68,0,61200,0
"OD_1_01304000",1593,172,0,154800,0
"OD_1_01302600",871,38,0,34200,0
"OD_1_40803000",9612,1301,0,1170900,0
"OD_1_01304300",449,0,0,0,0
"OD_1_01356500",304,3,0,2700,0
"OD_1_01356800",431,22,0,19800,0
"OD_1_01356700",109,15,0,13500,0
"OD_1_01300200",289,0,0,0,0
"OD_1_01302800",1357,157,0,141300,0
"OD_1_01301400",639,31,0,27900,0
"OD_1_01332200",736,25,0,22500,0
"OD_1_01356900",918,24,0,21600,0
"OD_1_01304100",1558,284,1,255600,900
"OD_1_01332500",1706,108,0,97200,0
"OD_1_01356400",495,0,0,0,0
"OD_1_01341200",1023,62,0,55800,0
"OD_1_01332100",40,9,0,8100,0
"OD_1_01300300",726,16,0,14400,0
"OD_1_01301300",277,28,0,25200,0
"OD_1_01355400",87,0,0,0,0
"OD_1_01300400",1026,45,0,40500,0
"OD_1_01355500",115,0,0,0,0
"OD_1_40802000",3055,3136,18,2822400,16200
"OD_1_01332000",153,1,0,900,0
"OD_1_01331800",97,1,0,900,0
"OD_1_01357500",1519,58,0,52200,0
"OD_1_01331600",273,22,0,19800,0
"OD_1_01331400",144,42,0,37800,0
"OD_1_01355600",256,0,0,0,0
"OD_1_01332300",1511,5,0,4500,0
"OD_1_01355700",238,0,0,0,0
"OD_1_01341500",343,13,0,11700,0
"OD_1_01341400",863,3,0,2700,0
"OD_1_01302400",1009,30,0,27000,0
"OD_1_01287500",1006,78,0,70200,0
"OD_1_01301500",645,64,0,57600,0
"OD_1_01331700",63,37,0,33300,0
"OD_1_01356000",335,3,0,2700,0
"OD_1_40802000",3286,1522,0,1369800,0
"OD_1_01341600",2186,40,0,36000,0
"OD_1_01356300",107,0,0,0,0
"OD_1_01301200",1331,141,0,126900,0
"OD_1_01331500",830,9,0,8100,0
"OD_1_01303100",1570,99,0,89100,0
"OD_1_01356100",275,2,0,1800,0
"OD_1_01355800",1213,103,0,92700,0
"OD_1_01332400",172,22,0,19800,0
"OD_1_01357700",954,23,0,20700,0
"OD_1_01342000",8870,380,0,342000,0
"OD_1_01356200",218,0,0,0,0
"OD_1_01303800",1917,171,0,153900,0
"OD_1_00990800",1248,28,0,25200,0
"OD_1_01270900",266,88,0,79200,0
"OD_1_01269400",43,104,0,93600,0
"OD_1_01271200",101,28,0,25200,0
"OD_1_01280500",502,7,0,6300,0
"OD_1_01282200",500,0,0,0,0
"OD_1_01282700",111,0,0,0,0
"OD_1_01281900",987,70,0,63000,0
"OD_1_01010900",422,28,1,25200,900
"OD_1_01284600",251,0,0,0,0
"OD_1_01339900",360,14,0,12600,0
"OD_1_01299600",1064,165,0,148500,0
"OD_1_01299300",342,0,0,0,0
"OD_1_01354300",251,7,0,6300,0
"OD_1_01353600",639,1,0,900,0
"OD_1_01354400",217,0,0,0,0
"OD_1_01302300",805,90,0,81000,0
"OD_1_01358000",3453,33,0,29700,0
"OD_1_01303200",1419,18,0,16200,0
"OD_1_01355900",121,24,0,21600,0
"OD_1_01341900",377,2,0,1800,0
"OD_1_01332600",2168,99,0,89100,0
"OD_1_01303600",1692,27,0,24300,0
"OD_1_01358200",336,4,0,3600,0
"OD_1_01300600",3024,138,0,124200,0
"OD_1_01342100",4586,111,0,99900,0
"OD_1_01331900",77,2,0,1800,0
"OD_1_01302500",354,18,0,16200,0
"OD_1_01357900",1163,10,0,9000,0
"OD_1_01287800",2870,954,0,858600,0
"OD_1_01301100",876,10,0,9000,0
"OD_1_01301600",1103,51,0,45900,0
"OD_1_01357600",466,14,0,12600,0
"OD_1_01357800",3109,25,0,22500,0
"OD_1_01334500",910,31,0,27900,0
"OD_1_01302100",311,252,0,226800,0
"OD_1_01333300",3886,17,0,15300,0
"OD_1_01334400",631,75,0,67500,0
"OD_1_01334300",1552,77,0,69300,0
"OD_1_01341300",535,44,0,39600,0
"OD_1_01303700",319,32,0,28800,0
"OD_1_01359000",4697,29,0,26100,0
"OD_1_01333400",573,0,0,0,0
"OD_1_40802000",3155,3947,29,3552300,26100
"OD_1_01300700",14927,6335,17,5701500,15300
"OD_1_01303500",1241,154,0,138600,0
"OD_1_01318100",16373,8944,178,8049600,160200
"OD_1_01302200",487,20,0,18000,0
"OD_1_01335700",3657,2173,2,1955700,1800
"OD_1_01358100",2297,341,0,306900,0
"OD_1_01332700",135,0,0,0,0
"OD_1_01343200",1674,28,0,25200,0
"OD_1_01301700",540,9,0,8100,0
"OD_1_01301000",706,13,0,11700,0
"OD_1_01358900",2481,98,0,88200,0
"OD_1_01303300",724,51,0,45900,0
"OD_1_01303400",690,36,0,32400,0
"OD_1_01287700",2978,880,9,792000,8100
"OD_1_01302000",486,345,0,310500,0
"OD_1_01358800",3092,173,0,155700,0
"OD_1_01300900",842,10,0,9000,0
"OD_1_01333000",2198,12,0,10800,0
"OD_1_01334700",1125,107,0,96300,0
"OD_1_01301800",1594,43,0,38700,0
"OD_1_01358300",147,1,0,900,0
"OD_1_01333500",283,0,0,0,0
"OD_1_01342200",924,0,0,0,0
"OD_1_01343100",3409,16,0,14400,0
"OD_1_01342300",158,1,0,900,0
"OD_1_01301900",353,123,0,110700,0
"OD_1_01300800",1867,9,0,8100,0
"OD_1_01334600",273,0,0,0,0
"OD_1_01317900",600,185,0,166500,0
"OD_1_01332800",516,52,0,46800,0
"OD_1_01343000",1377,12,0,10800,0
"OD_1_01359100",13184,823,0,740700,0
"OD_1_01333600",159,0,0,0,0
"OD_1_01358700",1562,153,0,137700,0
"OD_1_01332900",649,14,0,12600,0
"OD_1_01342600",463,0,0,0,0
"OD_1_01358500",2863,305,0,274500,0
"OD_1_01333200",944,123,0,110700,0
"OD_1_01358600",509,2,0,1800,0
"OD_1_01335600",453,174,0,156600,0
"OD_1_01359300",6033,832,58,748800,52200
"OD_1_01343300",2191,117,0,105300,0
"OD_1_01335000",227,11,0,9900,0
"OD_1_01334800",107,71,0,63900,0
"OD_1_01335100",353,0,0,0,0
"OD_1_01304700",741,493,0,443700,0
"OD_1_01304600",35,188,0,169200,0
"OD_1_01334900",135,16,0,14400,0
"OD_1_01304500",0,62,0,55800,0
"OD_1_01359200",10909,1625,324,1462500,291600
"OD_1_01333100",2548,108,0,97200,0
"OD_1_01342500",258,12,0,10800,0
"OD_1_01335500",777,3,0,2700,0
"OD_1_01342700",654,31,0,27900,0
"OD_1_01358400",257,75,0,67500,0
"OD_1_01335200",303,1,0,900,0
"OD_1_40802000",459,390,0,351000,0
"OD_1_01342400",1321,46,0,41400,0
"OD_1_01318300",14833,1463,3,1316700,2700
"OD_1_01318000",180,87,0,78300,0
"OD_1_01342900",1018,56,0,50400,0
"OD_1_01335400",226,4,0,3600,0
"OD_1_01335300",218,0,0,0,0
"OD_1_01304800",1516,133,0,119700,0
"OD_1_01306300",1080,385,0,346500,0
"OD_1_01304900",123,201,0,180900,0
"OD_1_01306000",952,506,0,455400,0
"OD_1_01306400",52,177,0,159300,0
"OD_1_40804000",6131,881,54,792900,48600
"OD_1_01342800",283,11,0,9900,0
"OD_1_01343400",1390,86,0,77400,0
"OD_1_01305900",147,70,0,63000,0
"OD_1_01307500",1923,150,1,135000,900
"OD_1_01307800",1578,59,0,53100,0
"OD_1_01305000",108,38,0,34200,0
"OD_1_01307200",245,0,0,0,0
"OD_1_01343500",3796,29,0,26100,0
"OD_1_01306500",29,143,0,128700,0
"OD_1_01305100",86,66,0,59400,0
"OD_1_01307100",135,0,0,0,0
"OD_1_01307300",830,7,0,6300,0
"OD_1_01307600",809,40,0,36000,0
"OD_1_01343900",52,0,0,0,0
"OD_1_01343600",369,31,0,27900,0
"OD_1_01343800",600,39,0,35100,0
"OD_1_01307000",156,0,0,0,0
"OD_1_01306900",2030,220,0,198000,0
"OD_1_01307700",1828,133,0,119700,0
"OD_1_01306600",42,112,0,100800,0
"OD_1_01318500",414,5,0,4500,0
"OD_1_01305800",840,1,0,900,0
"OD_1_01318800",95,68,0,61200,0
"OD_1_01318400",700,5,0,4500,0
"OD_1_01305300",1594,8,0,7200,0
"OD_1_01306700",338,130,0,117000,0
"OD_1_01318700",423,33,0,29700,0
"OD_1_01307400",432,0,0,0,0
"OD_1_01318900",101,76,0,68400,0
"OD_1_01305700",2444,178,0,160200,0
"OD_1_01343700",230,11,0,9900,0
"OD_1_01306200",659,439,0,395100,0
"OD_1_01318600",452,6,0,5400,0
"OD_1_01306100",787,76,0,68400,0
"OD_1_01319000",240,19,0,17100,0
"OD_1_01305200",1240,68,0,61200,0
"OD_1_01307900",743,9,0,8100,0
"OD_1_01344000",72,9,0,8100,0
"OD_1_01320000",10,29,0,26100,0
"OD_1_01309600",3611,296,0,266400,0
"OD_1_01319100",89,0,0,0,0
"OD_1_01319200",1118,52,0,46800,0
"OD_1_01306800",239,224,0,201600,0
"OD_1_01308400",2575,28,0,25200,0
"OD_1_01308000",1077,29,0,26100,0
"OD_1_01308100",1202,94,0,84600,0
"OD_1_01319300",27,6,0,5400,0
"OD_1_01305500",1219,13,0,11700,0
"OD_1_01309900",1935,196,0,176400,0
"OD_1_01319400",5828,403,0,362700,0
"OD_1_01309300",416,14,0,12600,0
"OD_1_01309400",150,0,0,0,0
"OD_1_01309500",304,1,0,900,0
"OD_1_01344300",918,69,0,62100,0
"OD_1_01305600",58,50,0,45000,0
"OD_1_01309700",2190,1009,0,908100,0
"OD_1_01310000",218,0,0,0,0
"OD_1_01308900",1510,38,0,34200,0
"OD_1_01309100",1820,228,0,205200,0
"OD_1_01344400",78,18,0,16200,0
"OD_1_01310100",716,146,0,131400,0
"OD_1_01319700",1327,42,0,37800,0
"OD_1_01310500",1006,4,0,3600,0
"OD_1_01344500",449,4,0,3600,0
"OD_1_01309200",124,24,0,21600,0
"OD_1_01344100",489,0,0,0,0
"OD_1_01310600",3276,89,0,80100,0
"OD_1_01344600",1083,28,0,25200,0
"OD_1_01344200",523,44,0,39600,0
"OD_1_01309800",2442,410,0,369000,0
"OD_1_01308600",463,0,0,0,0
"OD_1_01308500",158,0,0,0,0
"OD_1_01344900",2381,45,0,40500,0
"OD_1_01346400",977,7,0,6300,0
"OD_1_01310200",1217,268,0,241200,0
"OD_1_01310400",1117,106,0,95400,0
"OD_1_01319600",9972,5429,14,4886100,12600
"OD_1_01308200",1334,53,0,47700,0
"OD_1_01346200",1075,24,0,21600,0
"OD_1_01352400",165,5,0,4500,0
"OD_1_01310300",1033,64,0,57600,0
"OD_1_01346000",156,0,0,0,0
"OD_1_01312100",3374,399,0,359100,0
"OD_1_01308300",436,30,0,27000,0
"OD_1_01308700",114,15,0,13500,0
"OD_1_01344700",314,0,0,0,0
"OD_1_01311700",2494,274,0,246600,0
"OD_1_01346300",249,36,0,32400,0
"OD_1_01319500",400,1,0,900,0
"OD_1_01319800",459,1,0,900,0
"OD_1_01345900",108,12,0,10800,0
"OD_1_01308800",54,12,0,10800,0
"OD_1_01346500",2874,23,0,20700,0
"OD_1_01318200",1021,1054,3,948600,2700
"OD_1_01344800",1079,1,0,900,0
"OD_1_01346100",1554,0,0,0,0
"OD_1_01309000",662,10,0,9000,0
"OD_1_01345700",495,49,0,44100,0
"OD_1_01345000",814,29,0,26100,0
"OD_1_01345100",2403,40,0,36000,0
"OD_1_01311400",350,119,0,107100,0
"OD_1_01312200",138,0,0,0,0
"OD_1_01345800",241,0,0,0,0
"OD_1_01311100",1274,184,0,165600,0
"OD_1_01312400",1530,85,0,76500,0
"OD_1_01310800",1700,25,0,22500,0
"OD_1_01311300",1888,27,0,24300,0
"OD_1_01310700",116,131,0,117900,0
"OD_1_01312300",152,59,0,53100,0
"OD_1_01345600",165,0,0,0,0
"OD_1_01311600",1118,102,0,91800,0
"OD_1_01385700",517,29,0,26100,0
"OD_1_01352300",4657,107,2,96300,1800
"OD_1_01346600",1108,4,0,3600,0
"OD_1_01311800",2907,532,0,478800,0
"OD_1_01386000",2293,40,0,36000,0
"OD_1_01385800",25,0,0,0,0
"OD_1_01346700",672,7,0,6300,0
"OD_1_01310900",804,23,0,20700,0
"OD_1_01386100",158,13,0,11700,0
"OD_1_01386200",604,5,0,4500,0
"OD_1_01345500",501,14,0,12600,0
"OD_1_01311500",695,215,0,193500,0
"OD_1_01312000",226,131,0,117900,0
"OD_1_01311200",1018,242,0,217800,0
"OD_1_01319900",5159,183,0,164700,0
"OD_1_01311000",2476,216,0,194400,0
"OD_1_01385900",39,0,0,0,0
"OD_1_01347400",1170,22,0,19800,0
"OD_1_01346800",944,5,0,4500,0
"OD_1_01384600",2540,73,0,65700,0
"OD_1_01311900",157,25,0,22500,0
"OD_1_01316700",1208,16,0,14400,0
"OD_1_01312500",547,4,0,3600,0
"OD_1_01313300",5297,289,0,260100,0
"OD_1_01345200",464,2,0,1800,0
"OD_1_01345300",848,31,0,27900,0
"OD_1_01385600",427,0,0,0,0
"OD_1_01347500",2756,64,0,57600,0
"OD_1_01385400",1848,31,0,27900,0
"OD_1_01312600",890,27,0,24300,0
"OD_1_01313200",1958,23,0,20700,0
"OD_1_01347000",345,26,0,23400,0
"OD_1_01346900",199,8,0,7200,0
"OD_1_01348400",2800,181,26,162900,23400
"OD_1_01314200",7228,3133,0,2819700,0
"OD_1_01386900",1078,184,0,165600,0
"OD_1_01385500",1419,12,0,10800,0
"OD_1_01384700",1036,0,0,0,0
"OD_1_01386300",376,6,0,5400,0
"OD_1_01320400",2225,635,0,571500,0
"OD_1_01384800",1502,0,0,0,0
"OD_1_01347300",76,10,0,9000,0
"OD_1_01312700",1912,230,0,207000,0
"OD_1_01347100",713,10,0,9000,0
"OD_1_01347600",1443,0,0,0,0
"OD_1_01320100",753,156,0,140400,0
"OD_1_01347200",871,7,0,6300,0
"OD_1_01314000",177,118,0,106200,0
"OD_1_01320200",250,11,0,9900,0
"OD_1_01384900",341,1,0,900,0
"OD_1_01386400",1280,41,0,36900,0
"OD_1_01312900",2905,138,0,124200,0
"OD_1_01313700",62,30,0,27000,0
"OD_1_01384400",7606,114,0,102600,0
"OD_1_01348100",3418,52,8,46800,7200
"OD_1_01385100",1028,24,0,21600,0
"OD_1_01345400",74,1,0,900,0
"OD_1_01313800",78,18,0,16200,0
"OD_1_01384300",1728,5,0,4500,0
"OD_1_01313600",1155,114,0,102600,0
"OD_1_01347700",1521,21,0,18900,0
"OD_1_01312800",403,49,0,44100,0
"OD_1_01313400",435,43,0,38700,0
"OD_1_01368500",2891,26,6,23400,5400
"OD_1_01313900",63,8,0,7200,0
"OD_1_01320300",1335,92,0,82800,0
"OD_1_01387000",609,6,0,5400,0
"OD_1_01313100",1565,192,0,172800,0
"OD_1_01348000",654,2,0,1800,0
"OD_1_01385000",415,0,0,0,0
"OD_1_01320600",884,1167,0,1050300,0
"OD_1_01313500",413,58,0,52200,0
"OD_1_01348200",1112,21,23,18900,20700
"OD_1_01385200",410,27,0,24300,0
"OD_1_01320500",204,0,0,0,0
"OD_1_01313000",242,0,0,0,0
"OD_1_01385300",63,1,0,900,0
"OD_1_01386700",198,59,0,53100,0
"OD_1_01347800",1199,29,0,26100,0
"OD_1_01386500",214,131,0,117900,0
"OD_1_01386800",611,14,0,12600,0
"OD_1_01348600",499,6,0,5400,0
"OD_1_01386600",442,183,0,164700,0
"OD_1_01384500",411,35,0,31500,0
"OD_1_01387100",89,32,0,28800,0
"OD_1_01314300",1736,324,0,291600,0
"OD_1_01348800",1014,7,0,6300,0
"OD_1_01387200",1319,456,0,410400,0
"OD_1_01315200",4954,480,0,432000,0
"OD_1_01315300",1687,54,0,48600,0
"OD_1_01368600",3504,192,2,172800,1800
"OD_1_01384100",720,15,0,13500,0
"OD_1_01314800",3982,343,0,308700,0
"OD_1_01348300",435,4,0,3600,0
"OD_1_01314700",732,70,0,63000,0
"OD_1_01384200",3948,12,0,10800,0
"OD_1_01387400",815,172,0,154800,0
"OD_1_01347900",270,1,0,900,0
"OD_1_01349400",980,28,0,25200,0
"OD_1_01348700",302,4,0,3600,0
"OD_1_01368400",5278,3,0,2700,0
"OD_1_01315100",3405,191,0,171900,0
"OD_1_01348500",883,0,0,0,0
"OD_1_01314400",1762,685,0,616500,0
"OD_1_01350300",1635,8,0,7200,0
"OD_1_01315000",1264,174,0,156600,0
"OD_1_01387300",1548,243,0,218700,0
"OD_1_01315400",1827,122,0,109800,0
"OD_1_01384000",712,1,0,900,0
"OD_1_01349000",752,0,0,0,0
"OD_1_01349500",588,8,0,7200,0
"OD_1_01348900",166,0,0,0,0
"OD_1_01349200",392,12,0,10800,0
"OD_1_01359700",1174,5,0,4500,0
"OD_1_01383900",151,5,0,4500,0
"OD_1_01314600",724,11,0,9900,0
"OD_1_01349300",257,0,0,0,0
"OD_1_01387800",2585,148,0,133200,0
"OD_1_01383500",2251,24,0,21600,0
"OD_1_01349600",353,10,0,9000,0
"OD_1_01387500",728,44,0,39600,0
"OD_1_01349100",569,4,0,3600,0
"OD_1_01350200",831,2,0,1800,0
"OD_1_01359500",143,22,0,19800,0
"OD_1_01350400",322,18,0,16200,0
"OD_1_01349700",1434,39,0,35100,0
"OD_1_01359600",1900,214,38,192600,34200
"OD_1_01383800",1178,18,0,16200,0
"OD_1_01350500",1051,5,0,4500,0
"OD_1_01367600",5523,54,0,48600,0
"OD_1_01314500",6658,1237,0,1113300,0
"OD_1_01368200",672,0,0,0,0
"OD_1_01315500",1883,107,0,96300,0
"OD_1_01383700",737,4,0,3600,0
"OD_1_01314900",591,10,0,9000,0
"OD_1_01349800",614,0,0,0,0
"OD_1_01350000",688,4,0,3600,0
"OD_1_01368300",1242,14,0,12600,0
"OD_1_01315900",2826,212,0,190800,0
"OD_1_01350600",724,4,0,3600,0
"OD_1_01349900",1707,9,0,8100,0
"OD_1_01317200",1934,35,0,31500,0
"OD_1_01383100",191,0,0,0,0
"OD_1_01350100",932,43,0,38700,0
"OD_1_01383400",136,1,0,900,0
"OD_1_01383200",3023,49,0,44100,0
"OD_1_01368100",272,0,0,0,0
"OD_1_01387600",2228,27,0,24300,0
"OD_1_01383600",302,1,0,900,0
"OD_1_01351300",2862,48,0,43200,0
"OD_1_01383000",3736,19,0,17100,0
"OD_1_01383300",668,1,0,900,0
"OD_1_01350900",114,0,0,0,0
"OD_1_01350700",371,34,0,30600,0
"OD_1_01361600",3056,27,24,24300,21600
"OD_1_01361500",2618,249,4,224100,3600
"OD_1_01387900",1869,337,0,303300,0
"OD_1_01368700",3572,372,35,334800,31500
"OD_1_01370100",4458,498,25,448200,22500
"OD_1_01367300",6303,23,0,20700,0
"OD_1_01382800",2885,124,0,111600,0
"OD_1_01317100",6685,868,0,781200,0
"OD_1_01368000",266,4,0,3600,0
"OD_1_01362500",484,82,0,73800,0
"OD_1_01315600",2042,153,0,137700,0
"OD_1_01367700",1978,17,0,15300,0
"OD_1_01351000",791,18,0,16200,0
"OD_1_01317300",1400,83,0,74700,0
"OD_1_01362300",845,58,0,52200,0
"OD_1_01362100",1979,60,0,54000,0
"OD_1_01367900",915,12,0,10800,0
"OD_1_01350800",1141,7,0,6300,0
"OD_1_01359800",1362,51,5,45900,4500
"OD_1_01368800",4822,129,0,116100,0
"OD_1_01316000",324,4,0,3600,0
"OD_1_01315700",1087,132,0,118800,0
"OD_1_01351200",2111,13,0,11700,0
"OD_1_01362600",616,63,30,56700,27000
"OD_1_01388000",1306,1,0,900,0
"OD_1_01362400",157,26,9,23400,8100
"OD_1_01360600",4681,10,0,9000,0
"OD_1_01360000",1570,72,1,64800,900
"OD_1_01316300",6221,503,2,452700,1800
"OD_1_01382900",1504,8,0,7200,0
"OD_1_01361400",3297,37,1,33300,900
"OD_1_01362200",433,1,0,900,0
"OD_1_01388200",1358,250,0,225000,0
"OD_1_01367800",1311,51,0,45900,0
"OD_1_01317500",702,139,0,125100,0
"OD_1_01316100",368,21,0,18900,0
"OD_1_01362700",808,1,0,900,0
"OD_1_01317400",282,2,0,1800,0
"OD_1_01351100",964,25,0,22500,0
"OD_1_01364000",657,7,0,6300,0
"OD_1_01388100",519,34,0,30600,0
"OD_1_01387700",611,0,0,0,0
"OD_1_01361300",1496,0,0,0,0
"OD_1_01351400",1071,12,0,10800,0
"OD_1_01362800",524,0,0,0,0
"OD_1_01363800",532,13,0,11700,0
"OD_1_01364100",1900,30,7,27000,6300
"OD_1_01368900",287,19,0,17100,0
"OD_1_01369000",1790,37,0,33300,0
"OD_1_01388700",1179,13,0,11700,0
"OD_1_01388300",2505,209,0,188100,0
"OD_1_01315800",138,0,0,0,0
"OD_1_01380100",2469,96,0,86400,0
"OD_1_01364200",3912,44,0,39600,0
"OD_1_01361700",484,0,0,0,0
"OD_1_01382700",765,43,0,38700,0
"OD_1_01351900",1568,17,0,15300,0
"OD_1_01317600",792,221,0,198900,0
"OD_1_01388600",1547,27,0,24300,0
"OD_1_01388500",2037,106,0,95400,0
"OD_1_01388800",3273,201,0,180900,0
"OD_1_01362900",1788,7,0,6300,0
"OD_1_01359900",167,5,0,4500,0
"OD_1_01363300",492,0,0,0,0
"OD_1_01367500",296,0,0,0,0
"OD_1_01363700",462,5,0,4500,0
"OD_1_01365700",1642,8,0,7200,0
"OD_1_01351800",2248,41,0,36900,0
"OD_1_01316200",256,18,0,16200,0
"OD_1_01363600",561,13,0,11700,0
"OD_1_01363900",383,0,0,0,0
"OD_1_01367400",191,0,0,0,0
"OD_1_01316800",4899,2728,0,2455200,0
"OD_1_01369300",3684,145,0,130500,0
"OD_1_01382600",1098,142,0,127800,0
"OD_1_01370300",956,2,0,1800,0
"OD_1_01371400",3927,44,0,39600,0
"OD_1_01317000",438,32,0,28800,0
"OD_1_01371200",555,3,0,2700,0
"OD_1_01370600",607,29,0,26100,0
"OD_1_01364300",2038,1,0,900,0
"OD_1_01382500",483,0,0,0,0
"OD_1_01381900",4766,133,0,119700,0
"OD_1_01351500",1434,33,0,29700,0
"OD_1_01371300",109,21,0,18900,0
"OD_1_01361900",1034,2,0,1800,0
"OD_1_01360700",499,6,0,5400,0
"OD_1_01361200",903,0,0,0,0
"OD_1_01363400",585,13,0,11700,0
"OD_1_01361800",191,9,0,8100,0
"OD_1_01363500",445,7,0,6300,0
"OD_1_01405000",1922,13,0,11700,0
"OD_1_01360100",255,0,0,0,0
"OD_1_01405200",124,0,0,0,0
"OD_1_01365600",1232,8,0,7200,0
"OD_1_01379900",698,93,0,83700,0
"OD_1_01360800",142,0,0,0,0
"OD_1_01382400",977,157,0,141300,0
"OD_1_01360200",207,0,0,0,0
"OD_1_01365900",748,33,0,29700,0
"OD_1_01317700",543,96,0,86400,0
"OD_1_01360300",999,1,0,900,0
"OD_1_01316400",299,44,0,39600,0
"OD_1_01370500",713,16,0,14400,0
"OD_1_01351700",1056,20,0,18000,0
"OD_1_01370200",91,41,0,36900,0
"OD_1_01316900",217,12,0,10800,0
"OD_1_01366000",1414,39,0,35100,0
"OD_1_01369100",121,1,0,900,0
"OD_1_01363200",475,19,0,17100,0
"OD_1_01364400",1715,52,23,46800,20700
"OD_1_01371100",681,16,0,14400,0
"OD_1_01389700",1905,94,0,84600,0
"OD_1_01388400",1326,23,0,20700,0
"OD_1_01362000",797,29,0,26100,0
"OD_1_01361100",152,0,0,0,0
"OD_1_01388900",911,61,0,54900,0
"OD_1_01317800",655,302,0,271800,0
"OD_1_01352000",771,16,0,14400,0
"OD_1_01363000",427,0,0,0,0
"OD_1_01405300",2242,19,0,17100,0
"OD_1_01370700",667,22,0,19800,0
"OD_1_01361000",354,0,0,0,0
"OD_1_01351600",583,9,0,8100,0
"OD_1_01380000",16,10,0,9000,0
"OD_1_01405100",101,5,0,4500,0
"OD_1_01369200",3945,271,0,243900,0
"OD_1_01371500",1000,16,0,14400,0
"OD_1_01403900",1129,1,0,900,0
"OD_1_01403500",106,0,0,0,0
"OD_1_01360400",223,6,0,5400,0
"OD_1_01363100",260,9,0,8100,0
"OD_1_01370400",1324,6,0,5400,0
"OD_1_01366200",513,0,0,0,0
"OD_1_01316500",979,187,0,168300,0
"OD_1_01382200",271,163,0,146700,0
"OD_1_01380200",973,74,0,66600,0
"OD_1_01364500",1412,0,0,0,0
"OD_1_01403400",836,30,0,27000,0
"OD_1_01404100",477,0,0,0,0
"OD_1_01401700",6202,39,0,35100,0
"OD_1_01381500",1758,1,0,900,0
"OD_1_01371600",4141,46,0,41400,0
"OD_1_01379800",886,27,0,24300,0
"OD_1_01352200",57,32,0,28800,0
"OD_1_01389000",1665,141,0,126900,0
"OD_1_01370900",1118,12,0,10800,0
"OD_1_01404900",259,0,0,0,0
"OD_1_01382300",409,78,0,70200,0
"OD_1_01360900",346,7,0,6300,0
"OD_1_01366800",157,22,0,19800,0
"OD_1_01403600",153,4,0,3600,0
"OD_1_01366900",1325,34,0,30600,0
"OD_1_01365500",390,3,0,2700,0
"OD_1_01360500",210,15,0,13500,0
"OD_1_01366700",403,6,0,5400,0
"OD_1_01380300",2316,459,0,413100,0
"OD_1_01364600",965,5,0,4500,0
"OD_1_01366300",157,0,0,0,0
"OD_1_01366100",136,0,0,0,0
"OD_1_01405900",2697,17,0,15300,0
"OD_1_01403700",257,8,0,7200,0
"OD_1_01371000",268,0,0,0,0
"OD_1_01365300",1296,15,0,13500,0
"OD_1_01389100",444,10,0,9000,0
"OD_1_01370000",242,34,0,30600,0
"OD_1_01403300",859,28,0,25200,0
"OD_1_01369900",163,0,0,0,0
"OD_1_01404300",738,9,0,8100,0
"OD_1_01406000",223,8,0,7200,0
"OD_1_01377800",4013,117,0,105300,0
"OD_1_01365400",1207,13,0,11700,0
"OD_1_01365800",101,1,0,900,0
"OD_1_01389800",470,4,0,3600,0
"OD_1_01372300",3127,66,0,59400,0
"OD_1_01372700",613,2,0,1800,0
"OD_1_01379600",1439,83,0,74700,0
"OD_1_01402300",1659,5,0,4500,0
"OD_1_01352100",442,6,0,5400,0
"OD_1_01366400",310,24,0,21600,0
"OD_1_01366500",537,25,0,22500,0
"OD_1_01364700",1069,3,0,2700,0
"OD_1_01389600",2429,15,0,13500,0
"OD_1_01382000",804,193,0,173700,0
"OD_1_01389500",876,107,0,96300,0
"OD_1_01369500",181,2,0,1800,0
"OD_1_01316600",912,83,0,74700,0
"OD_1_01405700",3973,135,0,121500,0
"OD_1_01364800",550,6,0,5400,0
"OD_1_01404800",295,4,0,3600,0
"OD_1_01403100",3449,96,0,86400,0
"OD_1_01404200",118,0,0,0,0
"OD_1_01403800",229,17,0,15300,0
"OD_1_01405500",1034,9,0,8100,0
"OD_1_01404700",882,5,0,4500,0
"OD_1_01389900",4183,155,0,139500,0
"OD_1_01406100",686,4,0,3600,0
"OD_1_01369800",217,1,0,900,0
"OD_1_01372800",3644,202,0,181800,0
"OD_1_01381700",931,5,0,4500,0
"OD_1_01369400",1049,55,0,49500,0
"OD_1_01367000",680,40,0,36000,0
"OD_1_01369700",779,17,0,15300,0
"OD_1_01370800",203,0,0,0,0
"OD_1_01377600",1739,20,0,18000,0
"OD_1_01382100",272,0,0,0,0
"OD_1_01403200",355,9,0,8100,0
"OD_1_01401900",727,7,0,6300,0
"OD_1_01369600",126,6,0,5400,0
"OD_1_01404400",494,21,0,18900,0
"OD_1_01366600",112,7,0,6300,0
"OD_1_01372400",547,28,0,25200,0
"OD_1_01381600",1009,119,0,107100,0
"OD_1_01379700",523,0,0,0,0
"OD_1_01377000",1367,70,0,63000,0
"OD_1_01381800",1669,75,0,67500,0
"OD_1_01390000",6236,1077,0,969300,0
"OD_1_01379500",488,39,0,35100,0
"OD_1_01367100",133,1,0,900,0
"OD_1_01402200",2668,51,0,45900,0
"OD_1_01376900",1141,14,0,12600,0
"OD_1_01402700",630,0,0,0,0
"OD_1_01380700",1599,36,0,32400,0
"OD_1_01406200",945,33,0,29700,0
"OD_1_01402400",677,49,0,44100,0
"OD_1_01402500",73,0,0,0,0
"OD_1_01372600",465,0,0,0,0
"OD_1_01381400",1491,82,0,73800,0
"OD_1_01402800",1551,29,0,26100,0
"OD_1_01379400",1123,88,0,79200,0
"OD_1_01389200",213,8,0,7200,0
"OD_1_01405600",582,0,0,0,0
"OD_1_01364900",989,7,0,6300,0
"OD_1_01365200",639,4,0,3600,0
"OD_1_01377900",2971,210,0,189000,0
"OD_1_01380400",5116,206,0,185400,0
"OD_1_01401800",685,1,0,900,0
"OD_1_01389300",445,1,0,900,0
"OD_1_01404600",400,6,0,5400,0
"OD_1_01402000",1296,24,0,21600,0
"OD_1_01402600",497,23,0,20700,0
"OD_1_01401600",589,2,0,1800,0
"OD_1_01367200",58,2,0,1800,0
"OD_1_01377200",121,12,0,10800,0
"OD_1_01377100",1037,1,0,900,0
"OD_1_01405800",2507,41,0,36900,0
"OD_1_01377500",477,21,0,18900,0
"OD_1_01403000",1316,16,0,14400,0
"OD_1_01411800",1684,3,0,2700,0
"OD_1_01389400",903,31,0,27900,0
"OD_1_01390800",4526,286,0,257400,0
"OD_1_01373100",1415,1,0,900,0
"OD_1_01404500",678,8,0,7200,0
"OD_1_01365000",152,0,0,0,0
"OD_1_01379100",5392,328,0,295200,0
"OD_1_01401500",1038,6,0,5400,0
"OD_1_01408700",3157,98,0,88200,0
"OD_1_01372500",715,21,0,18900,0
"OD_1_01381300",739,17,0,15300,0
"OD_1_01407400",1171,10,0,9000,0
"OD_1_01411300",701,0,0,0,0
"OD_1_01365100",1377,7,0,6300,0
"OD_1_01391500",1181,68,0,61200,0
"OD_1_01409000",1067,14,0,12600,0
"OD_1_01411600",748,8,0,7200,0
"OD_1_01377300",1040,23,0,20700,0
"OD_1_01406300",1030,7,0,6300,0
"OD_1_01396800",562,10,0,9000,0
"OD_1_01377400",1172,39,0,35100,0
"OD_1_01371700",2757,30,0,27000,0
"OD_1_01402100",1202,20,0,18000,0
"OD_1_01381200",1400,95,0,85500,0
"OD_1_01377700",345,17,0,15300,0
"OD_1_01408100",1606,40,0,36000,0
"OD_1_01380900",1151,83,0,74700,0
"OD_1_01402900",230,9,0,8100,0
"OD_1_01380600",4105,223,0,200700,0
"OD_1_01410300",1335,7,0,6300,0
"OD_1_01373200",421,7,0,6300,0
"OD_1_01379300",351,41,0,36900,0
"OD_1_40805000",21418,2286,0,2057400,0
"OD_1_01411200",499,13,0,11700,0
"OD_1_01407600",449,0,0,0,0
"OD_1_01381000",3804,231,1,207900,900
"OD_1_01411400",194,13,0,11700,0
"OD_1_01409600",1266,53,0,47700,0
"OD_1_01406400",746,10,0,9000,0
"OD_1_01411900",1003,15,0,13500,0
"OD_1_01408500",894,5,0,4500,0
"OD_1_01411100",886,9,0,8100,0
"OD_1_01407500",233,23,0,20700,0
"OD_1_01376700",1958,26,0,23400,0
"OD_1_01410100",379,5,0,4500,0
"OD_1_01407300",1689,60,0,54000,0
"OD_1_01412200",421,6,0,5400,0
"OD_1_01408900",1172,5,0,4500,0
"OD_1_01409100",1648,26,0,23400,0
"OD_1_01412300",810,1,0,900,0
"OD_1_01408200",1286,11,0,9900,0
"OD_1_01372900",381,1,0,900,0
"OD_1_01391600",2730,51,0,45900,0
"OD_1_01411500",431,0,0,0,0
"OD_1_01372200",930,5,0,4500,0
"OD_1_01412400",3014,36,0,32400,0
"OD_1_01373000",184,0,0,0,0
"OD_1_01372000",358,30,0,27000,0
"OD_1_01412500",4465,4,0,3600,0
"OD_1_01410200",96,0,0,0,0
"OD_1_01410400",303,13,0,11700,0
"OD_1_01411700",4217,12,0,10800,0
"OD_1_01373300",2541,19,0,17100,0
"OD_1_01411000",486,2,0,1800,0
"OD_1_01390100",364,24,0,21600,0
"OD_1_01407900",782,8,0,7200,0
"OD_1_01380800",2890,53,0,47700,0
"OD_1_01391400",863,11,0,9900,0
"OD_1_01407800",112,14,0,12600,0
"OD_1_01409700",353,0,0,0,0
"OD_1_01407200",591,6,0,5400,0
"OD_1_01381100",672,18,0,16200,0
"OD_1_01408400",1245,40,0,36000,0
"OD_1_01412100",769,47,0,42300,0
"OD_1_01371900",1115,7,0,6300,0
"OD_1_01408800",708,22,0,19800,0
"OD_1_01408600",1278,57,0,51300,0
"OD_1_01407100",2837,41,0,36900,0
"OD_1_01410800",606,0,0,0,0
"OD_1_01409800",335,4,0,3600,0
"OD_1_01380500",423,1,0,900,0
"OD_1_01372100",505,13,0,11700,0
"OD_1_01371800",249,2,0,1800,0
"OD_1_01406900",1144,10,0,9000,0
"OD_1_01410000",959,29,0,26100,0
"OD_1_01390700",925,1,0,900,0
"OD_1_01373500",2632,90,0,81000,0
"OD_1_01406500",103,11,0,9900,0
"OD_1_01410700",71,0,0,0,0
"OD_1_01406800",200,0,0,0,0
"OD_1_01410900",350,5,0,4500,0
"OD_1_01406600",147,16,0,14400,0
"OD_1_01410500",826,3,0,2700,0
"OD_1_01412000",772,42,0,37800,0
"OD_1_01409900",1262,27,0,24300,0
"OD_1_01409400",551,14,0,12600,0
"OD_1_01391700",3369,151,0,135900,0
"OD_1_01394900",3131,106,0,95400,0
"OD_1_01390200",252,65,0,58500,0
"OD_1_01410600",251,0,0,0,0
"OD_1_01379200",1062,8,0,7200,0
"OD_1_01408300",262,17,0,15300,0
"OD_1_01406700",1469,53,0,47700,0
"OD_1_01374400",1125,15,0,13500,0
"OD_1_01409300",177,0,0,0,0
"OD_1_01413000",1877,26,0,23400,0
"OD_1_01390400",399,152,0,136800,0
"OD_1_01391000",933,67,0,60300,0
"OD_1_01414700",1334,38,0,34200,0
"OD_1_01408000",474,1,0,900,0
"OD_1_01416400",1113,4,0,3600,0
"OD_1_01391300",1829,39,0,35100,0
"OD_1_01376600",3621,85,0,76500,0
"OD_1_01390600",462,47,0,42300,0
"OD_1_01409500",435,37,0,33300,0
"OD_1_01390900",179,9,0,8100,0
"OD_1_01409200",682,11,0,9900,0
"OD_1_01390300",452,134,0,120600,0
"OD_1_01378000",1194,110,0,99000,0
"OD_1_01407000",122,8,0,7200,0
"OD_1_01374500",971,2,0,1800,0
"OD_1_01415000",1222,32,0,28800,0
"OD_1_01415700",1367,38,0,34200,0
"OD_1_01416300",814,19,0,17100,0
"OD_1_01374300",1003,32,0,28800,0
"OD_1_01412800",6932,53,0,47700,0
"OD_1_01373400",460,2,0,1800,0
"OD_1_01391200",848,41,0,36900,0
"OD_1_01415500",679,26,0,23400,0
"OD_1_01414200",1169,18,0,16200,0
"OD_1_01412700",4714,22,0,19800,0
"OD_1_01415100",801,26,0,23400,0
"OD_1_01378100",495,63,0,56700,0
"OD_1_01374200",1449,7,0,6300,0
"OD_1_01414800",435,0,0,0,0
"OD_1_01393000",1030,147,0,132300,0
"OD_1_01415600",186,5,0,4500,0
"OD_1_01413700",690,7,0,6300,0
"OD_1_01392400",4138,701,0,630900,0
"OD_1_01416900",1495,24,0,21600,0
"OD_1_01413800",611,10,0,9000,0
"OD_1_01417000",443,15,0,13500,0
"OD_1_01413600",418,1,0,900,0
"OD_1_01415400",361,0,0,0,0
"OD_1_01414400",425,2,0,1800,0
"OD_1_01394400",3262,74,0,66600,0
"OD_1_01414300",1006,27,0,24300,0
"OD_1_01394700",1741,68,0,61200,0
"OD_1_01378900",1935,32,0,28800,0
"OD_1_01413900",1295,16,0,14400,0
"OD_1_01421800",2892,9,0,8100,0
"OD_1_01412600",1456,9,0,8100,0
"OD_1_01394800",221,165,0,148500,0
"OD_1_01412900",140,0,0,0,0
"OD_1_01415900",779,56,0,50400,0
"OD_1_01393100",692,21,0,18900,0
"OD_1_01375000",701,4,0,3600,0
"OD_1_01379000",943,3,0,2700,0
"OD_1_01374900",160,11,0,9900,0
"OD_1_01391100",199,27,0,24300,0
"OD_1_01376300",1014,5,0,4500,0
"OD_1_00763600",328,0,0,0,0
"OD_1_01415800",264,0,0,0,0
"OD_1_01416200",713,20,0,18000,0
"OD_1_01374800",30,0,0,0,0
"OD_1_01413100",399,0,0,0,0
"OD_1_01419700",2365,153,0,137700,0
"OD_1_01413500",434,0,0,0,0
"OD_1_01378200",1089,71,0,63900,0
"OD_1_01417800",5818,79,0,71100,0
"OD_1_01373600",1297,4,0,3600,0
"OD_1_01415200",768,14,0,12600,0
"OD_1_01413400",938,5,0,4500,0
"OD_1_01417100",300,2,0,1800,0
"OD_1_01394600",1598,55,0,49500,0
"OD_1_01415300",3235,68,0,61200,0
"OD_1_01414500",878,69,0,62100,0
"OD_1_01375100",2265,31,0,27900,0
"OD_1_01376400",508,9,0,8100,0
"OD_1_01392300",1141,144,0,129600,0
"OD_1_01420500",1676,62,0,55800,0
"OD_1_01420600",1597,58,0,52200,0
"OD_1_01414900",139,0,0,0,0
"OD_1_01394500",1991,16,0,14400,0
"OD_1_01414600",113,0,0,0,0
"OD_1_01392500",2875,130,0,117000,0
"OD_1_01416000",1017,0,0,0,0
"OD_1_01416500",362,29,0,26100,0
"OD_1_01416600",144,0,0,0,0
"OD_1_01376200",1616,63,0,56700,0
"OD_1_01416100",574,20,0,18000,0
"OD_1_01376100",3371,91,1,81900,900
"OD_1_01417200",693,12,0,10800,0
"OD_1_01418900",692,12,0,10800,0
"OD_1_01374700",160,1,0,900,0
"OD_1_01392200",803,27,0,24300,0
"OD_1_01391800",298,3,0,2700,0
"OD_1_01413200",435,0,0,0,0
"OD_1_00760100",1926,27,0,24300,0
"OD_1_01378400",1066,50,0,45000,0
"OD_1_01419000",663,70,0,63000,0
"OD_1_01417300",412,0,0,0,0
"OD_1_01414100",613,29,0,26100,0
"OD_1_01416700",276,12,0,10800,0
"OD_1_01421900",5736,46,0,41400,0
"OD_1_01374600",133,0,0,0,0
"OD_1_01374100",1097,24,0,21600,0
"OD_1_01392700",760,234,0,210600,0
"OD_1_01378800",889,26,0,23400,0
"OD_1_01413300",84,3,0,2700,0
"OD_1_01414000",479,2,0,1800,0
"OD_1_01391900",391,0,0,0,0
"OD_1_01420900",4000,36,0,32400,0
"OD_1_01378300",350,11,0,9900,0
"OD_1_01416800",1238,12,0,10800,0
"OD_1_01421700",1410,37,0,33300,0
"OD_1_01418300",1549,4,0,3600,0
"OD_1_01393200",889,19,0,17100,0
"OD_1_00760200",2946,26,0,23400,0
"OD_1_01420100",1463,28,0,25200,0
"OD_1_01393300",342,9,0,8100,0
"OD_1_01418500",928,53,0,47700,0
"OD_1_01392000",485,10,0,9000,0
"OD_1_01373700",442,10,0,9000,0
"OD_1_01392800",396,19,0,17100,0
"OD_1_01400200",5873,273,0,245700,0
"OD_1_01419300",1388,62,0,55800,0
"OD_1_01421600",984,69,0,62100,0
"OD_1_01417400",367,3,0,2700,0
"OD_1_00760300",529,4,0,3600,0
"OD_1_01421100",524,5,0,4500,0
"OD_1_01419900",436,9,0,8100,0
"OD_1_01417500",1552,56,0,50400,0
"OD_1_01392900",2106,278,0,250200,0
"OD_1_01395000",171,12,0,10800,0
"OD_1_01374000",162,5,0,4500,0
"OD_1_01378700",255,17,0,15300,0
"OD_1_01395100",2598,460,0,414000,0
"OD_1_01373800",170,25,0,22500,0
"OD_1_01419800",789,2,0,1800,0
"OD_1_01419600",1328,31,0,27900,0
"OD_1_01420200",1291,6,0,5400,0
"OD_1_01393400",593,0,0,0,0
"OD_1_01418400",426,74,0,66600,0
"OD_1_01392100",131,0,0,0,0
"OD_1_01378500",163,4,0,3600,0
"OD_1_01400400",2209,343,0,308700,0
"OD_1_01400300",487,21,0,18900,0
"OD_1_01419200",1201,42,0,37800,0
"OD_1_01418200",3110,81,0,72900,0
"OD_1_01394300",508,7,0,6300,0
"OD_1_01378600",773,62,0,55800,0
"OD_1_01375200",60,28,0,25200,0
"OD_1_01373900",636,14,0,12600,0
"OD_1_01418800",518,0,0,0,0
"OD_1_01396600",1256,142,0,127800,0
"OD_1_01394200",353,14,0,12600,0
"OD_1_01395900",1294,50,0,45000,0
"OD_1_00760400",526,1,0,900,0
"OD_1_01396500",4402,274,0,246600,0
"OD_1_01375900",7336,279,0,251100,0
"OD_1_01393800",4104,711,1,639900,900
"OD_1_01393500",476,43,0,38700,0
"OD_1_01392600",616,14,0,12600,0
"OD_1_01421200",1065,20,0,18000,0
"OD_1_01419400",1773,69,0,62100,0
"OD_1_01420400",893,13,0,11700,0
"OD_1_01417900",168,12,0,10800,0
"OD_1_01375300",931,0,0,0,0
"OD_1_01420700",225,4,0,3600,0
"OD_1_01419100",1318,14,0,12600,0
"OD_1_01417700",1108,29,0,26100,0
"OD_1_01419500",974,48,0,43200,0
"OD_1_01418600",231,0,0,0,0
"OD_1_01375400",410,0,0,0,0
"OD_1_01422400",5741,106,0,95400,0
"OD_1_01420000",1358,5,0,4500,0
"OD_1_01420300",809,11,0,9900,0
"OD_1_01421400",762,4,0,3600,0
"OD_1_01394100",935,69,0,62100,0
"OD_1_01393600",642,134,0,120600,0
"OD_1_01417600",634,3,0,2700,0
"OD_1_01418700",437,9,0,8100,0
"OD_1_01376000",2087,43,0,38700,0
"OD_1_01421000",891,20,0,18000,0
"OD_1_01421500",199,6,0,5400,0
"OD_1_01422000",470,12,0,10800,0
"OD_1_01426600",2154,6,0,5400,0
"OD_1_00760500",528,0,0,0,0
"OD_1_01424800",1909,17,0,15300,0
"OD_1_01425600",199,4,0,3600,0
"OD_1_01400700",1506,159,0,143100,0
"OD_1_01429200",1619,6,0,5400,0
"OD_1_01375700",347,0,0,0,0
"OD_1_01395500",2082,136,0,122400,0
"OD_1_01423500",1853,14,0,12600,0
"OD_1_01396700",2266,66,0,59400,0
"OD_1_01393700",1457,439,0,395100,0
"OD_1_01428100",1145,19,0,17100,0
"OD_1_01421300",499,0,0,0,0
"OD_1_01425000",3118,41,0,36900,0
"OD_1_01400500",1404,167,0,150300,0
"OD_1_01396000",1854,97,0,87300,0
"OD_1_01418000",269,4,0,3600,0
"OD_1_01427900",6469,155,0,139500,0
"OD_1_01420800",108,0,0,0,0
"OD_1_01375500",2208,110,0,99000,0
"OD_1_01427800",973,21,0,18900,0
"OD_1_01425300",480,8,0,7200,0
"OD_1_00760600",431,1,0,900,0
"OD_1_01418100",478,0,0,0,0
"OD_1_01396300",2235,244,0,219600,0
"OD_1_01428500",681,2,0,1800,0
"OD_1_01395200",230,30,0,27000,0
"OD_1_01428800",797,8,0,7200,0
"OD_1_01422100",522,3,0,2700,0
"OD_1_01428300",2414,42,0,37800,0
"OD_1_01425700",286,16,0,14400,0
"OD_1_01395400",854,63,0,56700,0
"OD_1_01425400",492,5,0,4500,0
"OD_1_01428200",1784,85,0,76500,0
"OD_1_01375600",176,1,0,900,0
"OD_1_01429000",2527,16,0,14400,0
"OD_1_01394000",12044,3808,0,3427200,0
"OD_1_01375800",520,6,0,5400,0
"OD_1_01400600",3136,574,0,516600,0
"OD_1_01425500",313,10,0,9000,0
"OD_1_01423600",690,0,0,0,0
"OD_1_01428700",292,0,0,0,0
"OD_1_01425200",384,5,0,4500,0
"OD_1_01376800",239,54,0,48600,0
"OD_1_01426700",904,15,0,13500,0
"OD_1_01424900",1517,0,0,0,0
"OD_1_01425800",507,3,0,2700,0
"OD_1_01428400",294,0,0,0,0
"OD_1_00760700",298,0,0,0,0
"OD_1_01396200",1161,33,0,29700,0
"OD_1_01396900",1152,123,0,110700,0
"OD_1_01423300",762,2,0,1800,0
"OD_1_01428900",521,13,0,11700,0
"OD_1_01395300",2441,207,0,186300,0
"OD_1_01425900",1188,5,0,4500,0
"OD_1_01393900",657,11,0,9900,0
"OD_1_01422200",521,2,0,1800,0
"OD_1_01426500",762,5,0,4500,0
"OD_1_01423400",342,0,0,0,0
"OD_1_01423100",2147,19,0,17100,0
"OD_1_01427500",849,27,0,24300,0
"OD_1_01425100",856,0,0,0,0
"OD_1_01423800",652,8,0,7200,0
"OD_1_01428600",897,26,0,23400,0
"OD_1_01400100",1566,74,0,66600,0
"OD_1_01427600",1130,1,0,900,0
"OD_1_01454300",6126,78,0,70200,0
"OD_1_01423700",247,8,0,7200,0
"OD_1_01400800",515,36,0,32400,0
"OD_1_01426800",214,0,0,0,0
"OD_1_01396400",953,2,0,1800,0
"OD_1_01422300",382,3,0,2700,0
"OD_1_01397500",920,31,0,27900,0
"OD_1_01396100",816,74,0,66600,0
"OD_1_01395700",707,32,0,28800,0
"OD_1_01424600",2854,19,0,17100,0
"OD_1_01426900",242,7,0,6300,0
"OD_1_01431200",1203,146,0,131400,0
"OD_1_01397300",1460,149,0,134100,0
"OD_1_01395600",63,13,0,11700,0
"OD_1_01429100",973,23,0,20700,0
"OD_1_01429900",413,36,0,32400,0
"OD_1_01427700",183,0,0,0,0
"OD_1_01395800",365,9,0,8100,0
"OD_1_01427000",716,0,0,0,0
"OD_1_01399800",4612,184,0,165600,0
"OD_1_01423900",330,3,0,2700,0
"OD_1_01423200",505,2,0,1800,0
"OD_1_01422800",826,8,0,7200,0
"OD_1_01431300",2053,90,0,81000,0
"OD_1_01424700",256,6,0,5400,0
"OD_1_01400900",554,197,0,177300,0
"OD_1_01428000",1954,25,0,22500,0
"OD_1_01397000",1457,68,0,61200,0
"OD_1_01430000",3024,49,0,44100,0
"OD_1_01397100",1500,169,0,152100,0
"OD_1_01398400",3356,151,0,135900,0
"OD_1_01427400",435,58,0,52200,0
"OD_1_01398000",341,0,0,0,0
"OD_1_01426000",344,1,0,900,0
"OD_1_01398500",3361,156,0,140400,0
"OD_1_01427300",633,16,0,14400,0
"OD_1_01397900",202,11,0,9900,0
"OD_1_01426100",498,3,0,2700,0
"OD_1_01426400",433,21,0,18900,0
"OD_1_01431100",329,94,0,84600,0
"OD_1_01429800",326,0,0,0,0
"OD_1_01431500",816,1,0,900,0
"OD_1_01430700",1222,79,0,71100,0
"OD_1_01426200",202,10,0,9000,0
"OD_1_01430600",459,46,0,41400,0
"OD_1_01401000",588,82,0,73800,0
"OD_1_01429300",735,0,0,0,0
"OD_1_01397800",612,28,0,25200,0
"OD_1_01431700",987,105,0,94500,0
"OD_1_01399900",1943,390,0,351000,0
"OD_1_01431800",825,112,0,100800,0
"OD_1_01427100",257,2,0,1800,0
"OD_1_01397200",1084,43,0,38700,0
"OD_1_01397400",1312,69,0,62100,0
"OD_1_01422600",223,5,0,4500,0
"OD_1_01398100",339,33,0,29700,0
"OD_1_01430900",1077,86,0,77400,0
"OD_1_01431600",2725,102,0,91800,0
"OD_1_01424000",531,8,0,7200,0
"OD_1_01401300",537,40,0,36000,0
"OD_1_01427200",925,43,0,38700,0
"OD_1_01422700",755,2,0,1800,0
"OD_1_01424100",819,5,0,4500,0
"OD_1_01397700",1231,62,0,55800,0
"OD_1_01454400",795,9,0,8100,0
"OD_1_01429700",821,6,0,5400,0
"OD_1_01430500",1264,132,0,118800,0
"OD_1_01429600",456,11,0,9900,0
"OD_1_01397600",1157,40,0,36000,0
"OD_1_01423000",519,5,0,4500,0
"OD_1_01431400",1593,99,0,89100,0
"OD_1_01400000",204,41,0,36900,0
"OD_1_01426300",683,6,0,5400,0
"OD_1_01454500",1235,22,0,19800,0
"OD_1_01575900",4146,124,0,111600,0
"OD_1_01422900",431,0,0,0,0
"OD_1_01424500",513,6,0,5400,0
"OD_1_01430800",572,25,0,22500,0
"OD_1_01431000",2925,41,0,36900,0
"OD_1_01429400",895,50,0,45000,0
"OD_1_01431900",392,119,0,107100,0
"OD_1_01432000",266,50,0,45000,0
"OD_1_01454800",1929,76,0,68400,0
"OD_1_01401200",106,0,0,0,0
"OD_1_01432100",1205,408,0,367200,0
"OD_1_01430100",589,13,0,11700,0
"OD_1_01575700",778,118,0,106200,0
"OD_1_01432200",583,64,0,57600,0
"OD_1_01424200",537,1,0,900,0
"OD_1_01432300",1404,549,0,494100,0
"OD_1_01455200",2994,46,0,41400,0
"OD_1_01454900",2297,18,0,16200,0
"OD_1_01398200",302,23,0,20700,0
"OD_1_01401100",134,18,0,16200,0
"OD_1_01430200",521,69,0,62100,0
"OD_1_01399700",1343,430,0,387000,0
"OD_1_01432400",637,81,0,72900,0
"OD_1_01432500",1085,210,0,189000,0
"OD_1_01430400",2901,121,0,108900,0
"OD_1_01398300",1040,10,0,9000,0
"OD_1_01424300",891,1,0,900,0
"OD_1_01455100",793,7,0,6300,0
"OD_1_01430300",122,112,0,100800,0
"OD_1_01455000",626,9,0,8100,0
"OD_1_01398600",1399,11,0,9900,0
"OD_1_01435300",1330,214,0,192600,0
"OD_1_01436200",1323,39,0,35100,0
"OD_1_01435200",495,111,0,99900,0
"OD_1_01429500",580,0,0,0,0
"OD_1_01434400",3599,107,0,96300,0
"OD_1_01435100",530,22,0,19800,0
"OD_1_01435000",243,3,0,2700,0
"OD_1_01575800",1429,279,0,251100,0
"OD_1_01434900",6801,106,0,95400,0
"OD_1_01436400",622,108,0,97200,0
"OD_1_01399000",1454,229,0,206100,0
"OD_1_01434300",667,39,0,35100,0
"OD_1_01436500",577,13,0,11700,0
"OD_1_01433500",875,214,0,192600,0
"OD_1_01433600",1801,422,0,379800,0
"OD_1_01434600",976,27,0,24300,0
"OD_1_01433700",1980,193,0,173700,0
"OD_1_01436800",435,0,0,0,0
"OD_1_01433900",935,37,0,33300,0
"OD_1_01398800",692,14,0,12600,0
"OD_1_01424400",537,0,0,0,0
"OD_1_01436600",422,12,0,10800,0
"OD_1_01432700",386,78,0,70200,0
"OD_1_01454700",865,4,0,3600,0
"OD_1_01432600",225,2,0,1800,0
"OD_1_01433800",3623,224,0,201600,0
"OD_1_01436000",366,66,0,59400,0
"OD_1_01434200",784,44,0,39600,0
"OD_1_01399200",1305,184,0,165600,0
"OD_1_01434100",1345,37,0,33300,0
"OD_1_01434500",2489,96,0,86400,0
"OD_1_01435700",545,10,0,9000,0
"OD_1_01436700",325,0,0,0,0
"OD_1_01398700",341,2,0,1800,0
"OD_1_01399600",275,103,0,92700,0
"OD_1_01398900",1680,21,0,18900,0
"OD_1_01440100",5007,569,0,512100,0
"OD_1_01456100",2436,7,0,6300,0
"OD_1_01433100",423,130,0,117000,0
"OD_1_01436300",1526,64,0,57600,0
"OD_1_01435600",876,0,0,0,0
"OD_1_01436100",565,21,0,18900,0
"OD_1_01435500",214,29,0,26100,0
"OD_1_01434800",1023,12,0,10800,0
"OD_1_01436900",727,30,0,27000,0
"OD_1_01455400",1545,13,0,11700,0
"OD_1_01433200",71,20,0,18000,0
"OD_1_01440700",1355,58,0,52200,0
"OD_1_01432800",123,72,0,64800,0
"OD_1_01437000",1903,25,0,22500,0
"OD_1_01440900",309,31,0,27900,0
"OD_1_01399500",244,60,0,54000,0
"OD_1_01440800",370,42,0,37800,0
"OD_1_01433000",123,68,0,61200,0
"OD_1_01435800",425,0,0,0,0
"OD_1_01435400",732,5,0,4500,0
"OD_1_01437100",566,9,0,8100,0
"OD_1_01434700",200,1,0,900,0
"OD_1_01441100",2194,110,0,99000,0
"OD_1_01433300",118,27,0,24300,0
"OD_1_01434000",844,13,0,11700,0
"OD_1_01456500",520,1,0,900,0
"OD_1_01399400",564,50,0,45000,0
"OD_1_01437800",1425,25,0,22500,0
"OD_1_01432900",287,19,0,17100,0
"OD_1_01455300",1401,27,0,24300,0
"OD_1_01435900",423,1,0,900,0
"OD_1_01439400",2203,30,0,27000,0
"OD_1_01441000",903,346,0,311400,0
"OD_1_01439600",1822,97,0,87300,0
"OD_1_01438800",823,39,0,35100,0
"OD_1_01438300",1294,151,3,135900,2700
"OD_1_01455500",1790,6,0,5400,0
"OD_1_01437700",826,65,0,58500,0
"OD_1_01438900",691,12,0,10800,0
"OD_1_01433400",100,31,0,27900,0
"OD_1_01439000",963,33,0,29700,0
"OD_1_01440500",675,8,0,7200,0
"OD_1_01438200",1125,27,0,24300,0
"OD_1_01440400",827,112,0,100800,0
"OD_1_01399100",2077,205,0,184500,0
"OD_1_01399300",5575,200,0,180000,0
"OD_1_01440600",186,2,0,1800,0
"OD_1_01439700",1369,125,0,112500,0
"OD_1_01437600",4220,137,0,123300,0
"OD_1_01439100",1767,1,0,900,0
"OD_1_01441400",232,32,0,28800,0
"OD_1_01438700",619,25,0,22500,0
"OD_1_01439500",1195,86,0,77400,0
"OD_1_01437900",255,12,0,10800,0
"OD_1_01437200",252,0,0,0,0
"OD_1_01437500",868,0,0,0,0
"OD_1_01438600",257,19,0,17100,0
"OD_1_01443400",4545,68,0,61200,0
"OD_1_01440200",347,31,0,27900,0
"OD_1_01441300",92,0,0,0,0
"OD_1_01439900",1038,105,0,94500,0
"OD_1_01439300",219,0,0,0,0
"OD_1_01440000",1898,92,0,82800,0
"OD_1_01437300",532,10,0,9000,0
"OD_1_01438400",998,23,0,20700,0
"OD_1_01442100",2848,61,0,54900,0
"OD_1_01441200",1997,18,0,16200,0
"OD_1_01439200",919,9,0,8100,0
"OD_1_01445200",1036,17,0,15300,0
"OD_1_01441500",145,16,0,14400,0
"OD_1_01437400",831,4,0,3600,0
"OD_1_01440300",126,30,0,27000,0
"OD_1_01443200",2095,87,0,78300,0
"OD_1_01439800",1084,20,0,18000,0
"OD_1_01442000",951,21,0,18900,0
"OD_1_01442600",4209,80,0,72000,0
"OD_1_01438000",200,0,0,0,0
"OD_1_01441600",489,19,0,17100,0
"OD_1_01438100",403,0,0,0,0
"OD_1_01438500",826,48,0,43200,0
"OD_1_01445100",411,16,0,14400,0
"OD_1_01443000",4384,362,0,325800,0
"OD_1_01444000",2513,53,0,47700,0
"OD_1_01444900",985,22,0,19800,0
"OD_1_01444600",321,31,0,27900,0
"OD_1_01459500",1951,42,0,37800,0
"OD_1_01443300",745,17,0,15300,0
"OD_1_01578900",199,14,0,12600,0
"OD_1_01578800",2718,45,0,40500,0
"OD_1_01444400",322,36,0,32400,0
"OD_1_01443500",1364,10,0,9000,0
"OD_1_01442200",287,0,0,0,0
"OD_1_01441700",614,29,0,26100,0
"OD_1_01442900",273,24,0,21600,0
"OD_1_01579000",1437,80,0,72000,0
"OD_1_01578600",2586,25,0,22500,0
"OD_1_01447800",4168,195,0,175500,0
"OD_1_01443900",359,17,0,15300,0
"OD_1_01443100",799,22,0,19800,0
"OD_1_01442700",5594,154,0,138600,0
"OD_1_01578700",337,8,0,7200,0
"OD_1_01444300",2199,19,0,17100,0
"OD_1_01459600",1837,36,0,32400,0
"OD_1_01441900",553,22,0,19800,0
"OD_1_01444200",3905,44,0,39600,0
"OD_1_01444700",660,4,0,3600,0
"OD_1_01442300",398,2,0,1800,0
"OD_1_01578500",4202,372,0,334800,0
"OD_1_01441800",547,31,0,27900,0
"OD_1_01579100",3809,42,0,37800,0
"OD_1_01443800",567,19,0,17100,0
"OD_1_01580100",494,0,0,0,0
"OD_1_01443600",332,15,0,13500,0
"OD_1_01450100",13445,347,5,312300,4500
"OD_1_01578400",134,411,0,369900,0
"OD_1_01442500",642,42,0,37800,0
"OD_1_01445900",562,1,0,900,0
"OD_1_01447700",2406,6,0,5400,0
"OD_1_01448600",381,0,0,0,0
"OD_1_01447600",266,3,0,2700,0
"OD_1_01445500",105,0,0,0,0
"OD_1_01448700",762,27,0,24300,0
"OD_1_01447400",2620,35,0,31500,0
"OD_1_01580200",202,11,0,9900,0
"OD_1_01442400",186,0,0,0,0
"OD_1_01446000",550,4,0,3600,0
"OD_1_01580000",488,11,0,9900,0
"OD_1_01444100",296,8,0,7200,0
"OD_1_01443700",252,0,0,0,0
"OD_1_01579900",929,44,0,39600,0
"OD_1_01448800",1499,57,0,51300,0
"OD_1_01448100",1380,60,0,54000,0
"OD_1_01445600",2881,38,0,34200,0
"OD_1_01447500",1243,46,0,41400,0
"OD_1_01580300",716,45,0,40500,0
"OD_1_01446600",2222,169,0,152100,0
"OD_1_01447900",1457,13,0,11700,0
"OD_1_01578300",544,24,0,21600,0
"OD_1_01442800",35,0,0,0,0
"OD_1_01446100",1506,39,0,35100,0
"OD_1_01580400",911,38,0,34200,0
"OD_1_01448500",1017,12,0,10800,0
"OD_1_01446400",394,10,0,9000,0
"OD_1_01448900",2497,25,0,22500,0
"OD_1_01448300",395,0,0,0,0
"OD_1_01446700",298,5,0,4500,0
"OD_1_01446800",575,4,0,3600,0
"OD_1_01446500",571,18,0,16200,0
"OD_1_01446200",1176,11,0,9900,0
"OD_1_01472300",2163,8,0,7200,0
"OD_1_01448200",293,3,0,2700,0
"OD_1_01472700",4893,64,0,57600,0
"OD_1_01473400",2359,285,0,256500,0
"OD_1_01447300",347,0,0,0,0
"OD_1_01448400",360,2,0,1800,0
"OD_1_01447200",1995,21,0,18900,0
"OD_1_01448000",628,9,1,8100,900
"OD_1_01449800",387,118,0,106200,0
"OD_1_01449600",586,8,0,7200,0
"OD_1_01450000",360,11,0,9900,0
"OD_1_01472100",314,0,0,0,0
"OD_1_01446900",875,19,0,17100,0
"OD_1_01449500",360,0,0,0,0
"OD_1_01472600",1384,3,0,2700,0
"OD_1_01472200",1142,0,0,0,0
"OD_1_01449700",1027,14,0,12600,0
"OD_1_01449000",427,51,0,45900,0
"OD_1_01446300",329,5,0,4500,0
"OD_1_01447000",348,8,0,7200,0
"OD_1_01449400",353,0,0,0,0
"OD_1_01472900",4592,59,0,53100,0
"OD_1_01447100",939,4,0,3600,0
"OD_1_01449100",684,3,0,2700,0
"OD_1_01449900",169,0,0,0,0
"OD_1_01451000",1893,14,0,12600,0
"OD_1_01450200",889,7,0,6300,0
"OD_1_01451500",818,168,0,151200,0
"OD_1_01450900",2205,27,0,24300,0
"OD_1_01449300",617,28,0,25200,0
"OD_1_01473600",2214,24,0,21600,0
"OD_1_01451300",1528,52,0,46800,0
"OD_1_01473500",535,79,0,71100,0
"OD_1_01451400",330,14,0,12600,0
"OD_1_01473000",389,5,0,4500,0
"OD_1_01473900",6383,155,0,139500,0
"OD_1_01450300",212,2,0,1800,0
"OD_1_01450800",2943,82,0,73800,0
"OD_1_01451600",143,11,0,9900,0
"OD_1_01451200",2583,71,0,63900,0
"OD_1_01451800",606,11,0,9900,0
"OD_1_01450500",1736,18,0,16200,0
"OD_1_01451100",558,29,0,26100,0
"OD_1_01473700",1291,30,0,27000,0
"OD_1_01451700",798,37,0,33300,0
"OD_1_01450400",186,0,0,0,0
"OD_1_01450700",327,3,0,2700,0
"OD_1_01451900",409,3,0,2700,0
"OD_1_01452400",127,25,0,22500,0
"OD_1_01452100",1526,35,0,31500,0
"OD_1_01450600",66,0,0,0,0
"OD_1_01452300",2117,17,0,15300,0
"OD_1_01473800",1374,94,0,84600,0
"OD_1_01452600",518,62,0,55800,0
"OD_1_01452500",714,24,0,21600,0
"OD_1_01335900",894,53,0,47700,0
"OD_1_01305400",358,0,0,0,0
"OD_1_01314100",117,135,0,121500,0
"OD_1_01404000",279,1,0,900,0
"OD_1_01405400",58,2,0,1800,0
"OD_1_01407700",203,0,0,0,0
"OD_1_01390500",399,0,0,0,0
"OD_1_01376500",498,1,0,900,0
"OD_1_01422500",222,9,0,8100,0
"OD_1_01576400",1044,2,0,1800,0
"OD_1_01445400",420,1,0,900,0
"OD_1_01444800",179,10,0,9000,0
"OD_1_01445300",413,2,0,1800,0
"OD_1_01444500",165,0,0,0,0
"OD_1_01445000",324,1,0,900,0
"OD_1_01445700",95,0,0,0,0
"OD_1_01445800",153,1,0,900,0
"OD_1_01453000",1772,87,0,78300,0
"OD_1_01452200",486,0,0,0,0
"OD_1_01452700",932,3,0,2700,0
"OD_1_01476300",1157,60,0,54000,0
"OD_1_01453300",1788,26,0,23400,0
"OD_1_01452800",680,13,0,11700,0
"OD_1_01476200",3395,93,0,83700,0
"OD_1_01452900",662,38,0,34200,0
"OD_1_01453200",783,9,0,8100,0
"OD_1_01476400",3864,391,0,351900,0
"OD_1_01453100",207,55,0,49500,0
"OD_1_01476500",1089,161,0,144900,0
"OD_1_01453600",1624,68,0,61200,0
"OD_1_01453700",200,23,0,20700,0
"OD_1_01476600",731,150,0,135000,0
"OD_1_01453800",296,51,0,45900,0
"OD_1_01584500",1365,114,0,102600,0
"OD_1_01454000",1008,235,0,211500,0
"OD_1_01453900",322,30,0,27000,0
"OD_1_01476700",4715,106,0,95400,0
"OD_1_01476800",867,12,0,10800,0
